130
7
31
17
5
862
206
12
61
788
60
557
674
42
33
1
1
2
37
37
172
1
22
96
67
350
2
74
8
1
3
989
9
8
10
2
1
350
10
892
18
949
12
95
57
15
1
773
1
18
2
684
2
1
319
112
101
164
2
10
26
59
18
130
5
8
2
3
6
2
1
1
1
385
3
1
37
423
38
1
4
140
2
13
4
1
35
605
26
127
763
440
17
1
233
20
81
12
9
13
29
4
188
1
4
244
54
17
1
2
1
116
1
1
180
294
3
2
4
3
3
6
6
225
194
6
129
73
476
5
111
128
679
14
93
1
71
10
10
300
271
1
18
6
185
2
4
41
541
1
2
1
3
1
5
3
57
181
472
82
7
2
108
862
61
70
86
5
4
8
358
6
2
37
6
733
476
204
132
1
13
1
556
252
15
4
17
21
10
312
195
11
59
21
540
371
208
315
8
75
631
4
371
29
214
2
820
1
15
1
7
4
717
73
149
185
23
1
53
4
149
1
7
99
1
540
7
6
10
291
121
16
2
363
4
2
109
2
15
147
1
519
4
842
10
1
1
15
1
4
25
15
8
1
12
104
496
4
26
220
2
10
5
1
296
9
11
40
1
16
1
30
857
297
663
1
31
13
158
3
127
4
4
1
71
263
84
296
56
389
1
2
8
3
165
64
9
49
1
308
104
3
4
741
7
4
17
40
1
301
36
76
1
8
124
1
285
402
478
6
1
108
22
1
178
1
1
1
20
43
529
2
5
161
2
821
24
6
2
13
15
40
27
1
7
1
10
35
575
254
686
39
410
15
6
1
46
86
7
1
256
7
8
132
8
1
659
773
836
1
343
3
260
255
1
46
369
53
863
2
14
1
23
142
1
1
5
324
22
1
190
88
3
65
49
30
595
19
509
10
58
988
459
83
1
4
63
94
118
5
25
310
46
244
5
1
11
7
2
67
3
14
118
1
274
1
194
46
371
376
181
48
39
506
1
154
56
306
12
76
12
7
8
61
161
694
1
619
30
5
192
6
593
154
64
2
457
26
57
1
1
190
1
1
701
1
8
334
1
206
4
1
184
1
91
3
6
320
251
32
1
20
1
4
1
1
2
4
276
3
904
6
2
7
34
668
393
8
52
432
289
98
1
1
342
686
52
22
224
25
397
42
11
9
41
4
1
2
1
504
1
1
3
1
5
2
2
261
51
2
637
78
5
66
103
21
144
358
46
189
2
686
1
3
1
17
61
1
45
145
115
7
2
2
276
695
2
1
472
833
6
31
7
79
31
29
166
2
55
193
118
82
1
3
90
104
58
277
507
7
20
700
16
6
5
35
4
1
20
10
1
1
232
5
3
13
4
22
17
340
3
50
38
108
1
1
342
76
157
2
2
40
20
3
10
164
212
21
8
1
10
2
58
32
60
4
72
624
55
9
1
3
1
343
137
312
647
2
85
395
727
8
10
71
69
98
1
261
3
5
560
17
4
5
26
1
2
148
1
390
424
502
1
3
10
274
79
1
393
1
162
50
2
145
570
86
4
4
82
5
97
97
37
13
187
6
80
1
1
15
740
4
104
2
16
441
2
5
414
204
6
85
93
110
1
4
3
2
23
25
193
7
4
213
2
76
388
17
5
1
885
2
4
6
129
201
246
317
1
132
550
1
919
3
259
100
2
850
31
3
22
117
38
45
239
3
41
32
189
1
9
1
1
8
5
90
1
19
3
241
16
21
139
62
480
374
1
42
120
46
1
11
236
541
522
72
2
3
1
176
6
561
6
27
1
8
354
1
1
1
498
3
2
12
479
213
1
386
12
66
43
164
39
536
225
1
1
92
114
38
43
198
4
2
432
324
2
11
3
698
270
440
82
23
11
254
4
3
2
769
31
234
5
64
272
36
173
237
309
283
90
3
632
8
279
44
2
568
17
1
449
1
85
123
62
8
12
13
4
3
17
986
122
15
4
4
5
2
564
112
1
47
20
9
312
107
396
199
103
651
86
2
3
5
1
410
2
24
2
54
516
107
403
19
1
2
356
18
37
582
3
39
36
2
22
873
2
19
1
6
906
481
768
329
114
1
10
97
877
4
300
12
115
832
2
1
1
2
368
1
15
3
4
166
1
585
2
27
47
292
26
7
4
88
3
162
5
691
5
1
19
8
29
3
3
2
3
491
18
1
736
1
10
20
2
3
1
11
60
17
10
20
17
18
2
3
18
6
54
102
19
10
1
49
4
1
168
4
1
78
329
159
10
169
295
74
220
118
4
60
150
397
2
14
1
25
17
1
57
1
4
9
852
76
162
5
962
586
1
28
109
16
2
58
1
2
36
514
4
269
4
2
6
11
5
9
208
307
76
79
7
409
1
4
15
31
1
7
10
134
279
5
167
333
823
43
3
86
2
12
3
14
9
87
3
96
1
2
2
133
58
758
6
1
12
381
87
228
614
156
2
2
1
229
41
1
4
61
1
1
1
37
157
12
3
447
248
25
7
220
12
39
4
3
1
958
1
1
77
15
1
16
76
9
1
251
73
11
113
417
348
18
135
6
432
5
1
58
23
14
11
1
1
3
56
42
128
7
1
52
24
176
2
43
19
36
12
212
11
15
2
338
12
3
2
24
312
1
17
19
79
150
307
521
12
349
1
63
1
256
227
563
2
5
5
19
23
283
94
535
406
2
267
1
91
116
10
701
1
74
215
10
845
3
8
2
139
634
2
462
60
1
6
4
7
4
1
9
1
172
9
7
520
1
1
1
3
12
174
89
491
15
46
1
5
32
5
68
939
173
667
77
11
105
2
49
1
79
477
11
143
4
1
20
4
8
167
198
225
5
712
79
113
27
482
8
555
129
1
124
577
1
4
395
9
113
2
3
76
102
4
565
18
94
38
18
188
7
1
135
590
2
416
3
1
57
11
2
1
11
1
2
19
2
504
4
2
391
7
190
9
1
7
15
16
99
32
58
540
34
1
179
757
1
384
3
24
6
45
33
11
1
1
118
2
447
41
658
3
35
139
5
18
1
600
703
5
215
2
10
841
167
179
457
205
3
2
945
3
97
18
257
201
211
4
22
1
1
4
587
13
47
13
9
6
449
24
1
871
101
2
1
1
2
3
2
1
948
781
142
203
1
132
1
4
335
9
1
10
8
4
4
2
97
27
692
2
13
5
1
16
835
17
1
318
2
6
182
1
11
6
28
3
9
160
6
298
1
187
845
18
39
1
10
3
28
8
568
1
273
1
1
38
5
2
43
9
4
23
13
377
53
162
53
1
1
2
52
1
30
1
1
145
1
4
238
38
1
24
13
1
19
1
10
2
3
14
38
6
81
3
1
281
36
1
149
991
175
3
27
1
34
179
459
8
16
9
85
45
17
1
48
106
866
8
433
10
1
3
17
241
154
76
2
27
14
861
121
6
1
4
49
18
2
463
612
1
1
6
29
946
1
347
4
13
6
28
37
9
578
21
270
188
6
2
974
999
908
28
5
1
556
3
336
20
1
19
2
1
4
138
720
114
1
5
277
28
774
113
334
6
43
40
5
19
246
337
29
46
10
231
278
1
1
6
37
55
70
24
1
192
112
215
20
6
424
20
58
114
1
9
14
1
599
19
11
3
93
178
8
30
253
462
78
1
2
344
218
14
236
296
7
6
396
13
40
2
482
1
63
56
67
75
426
102
2
331
45
446
8
526
24
5
126
24
1
2
1
3
14
2
836
72
693
177
1
94
228
11
27
36
43
544
7
4
3
130
2
2
20
1
1
380
22
992
849
48
3
379
11
685
3
116
512
180
658
1
4
167
17
37
8
114
6
232
72
2
337
378
317
34
3
149
276
1
886
197
4
680
154
2
483
26
9
493
1
1
724
42
94
6
89
1
55
737
21
2
2
221
13
8
2
80
100
2
343
1
45
4
34
575
2
590
1
2
14
295
641
430
3
47
37
137
78
2
1
322
8
175
1
59
49
1
28
1
870
46
4
3
22
109
457
166
18
1
67
200
2
70
183
1
6
614
14
1
5
417
4
51
116
3
1
2
154
59
17
1
60
1
1
3
1
946
1
111
117
1
3
170
140
1
61
387
9
206
11
26
26
2
65
4
11
341
53
82
708
2
4
45
1
823
24
85
251
54
704
1
1
2
2
9
766
11
10
1
53
37
2
11
171
12
101
2
12
41
2
3
26
45
601
2
422
8
3
5
308
1
47
19
1
160
6
1
9
72
375
1
1
9
500
933
2
9
158
903
15
6
286
22
16
38
739
31
71
1
278
6
35
26
21
2
40
471
19
832
69
56
27
9
4
393
338
2
91
653
9
2
69
1
19
1
4
424
1
141
54
2
5
519
6
978
164
83
34
9
288
72
7
224
2
124
76
24
3
108
2
476
14
400
23
20
4
32
420
492
462
38
2
321
236
758
77
741
819
69
270
17
1
10
12
18
291
2
3
1
307
13
118
20
162
639
36
925
10
363
65
762
155
8
3
144
13
779
254
8
1
32
459
55
240
28
4
17
290
10
8
6
99
4
36
86
5
4
23
3
36
600
15
2
726
121
5
125
3
20
14
20
539
105
4
8
43
158
17
48
224
1
671
483
972
2
3
656
2
1
77
982
2
903
11
5
520
1
3
260
608
155
3
323
633
1
1
269
12
489
83
59
191
166
21
136
730
26
850
293
532
109
908
109
2
21
1
12
154
17
6
36
23
557
5
173
2
5
64
39
362
33
263
16
1
76
81
7
3
2
5
175
277
1
14
1
724
6
732
9
380
7
57
1
7
51
1
9
6
2
46
752
10
150
10
1
6
1
70
165
62
55
1
429
8
65
5
4
314
50
9
116
281
9
12
160
16
229
446
13
6
41
2
3
8
86
2
29
5
1
191
47
184
49
1
1
4
1
5
577
5
10
11
40
130
6
430
28
188
11
109
131
167
12
274
14
581
29
287
10
373
5
1
169
9
177
23
152
6
5
35
56
4
2
759
89
130
5
23
9
1
5
39
65
1
543
2
1
271
41
11
238
2
2
42
336
23
219
9
309
1
327
597
517
998
54
220
1
55
1
20
250
453
1
9
7
21
793
123
965
11
32
29
104
331
1
1
938
28
388
2
197
73
4
3
1
15
28
3
120
617
22
186
1
8
1
211
50
205
3
60
120
3
54
7
7
1
268
3
11
16
473
2
1
1
28
1
141
182
8
4
70
1
2
1
44
1
421
430
50
153
1
6
18
800
32
39
119
139
1
437
2
9
202
4
2
761
2
2
819
10
32
269
199
486
302
43
2
247
30
4
112
1
1
66
137
36
9
514
1
263
574
69
977
2
562
4
18
28
124
1
2
19
31
1
163
47
5
245
24
81
5
649
7
17
2
19
108
1
2
5
326
116
17
354
7
460
7
1
318
1
24
139
21
57
34
1
465
2
3
80
9
63
662
84
1
1
145
1
1
1
3
17
7
1
1
4
6
176
20
231
1
6
89
6
2
89
16
5
16
1
359
1
1
183
141
2
6
171
9
29
40
579
269
46
45
373
1
22
35
12
12
527
1
6
2
150
942
387
8
90
84
3
4
399
3
83
137
118
10
2
6
121
8
3
22
7
3
206
1
749
30
13
1
3
2
57
17
7
47
803
520
37
3
250
733
477
58
17
150
16
1
161
305
1
161
13
15
29
2
204
17
1
1
17
107
503
54
49
250
122
4
169
1
14
38
9
69
31
274
36
1
6
1
340
56
1
133
12
1
7
734
3
8
54
1
6
27
27
21
1
88
61
75
2
884
2
2
21
81
1
1
367
6
30
1
11
12
156
11
6
37
84
933
218
595
7
85
2
1
35
8
22
236
59
5
250
194
1
42
143
443
121
480
289
183
890
38
4
23
310
3
37
20
526
33
7
74
1
1
18
92
147
71
87
66
543
422
44
183
12
1
3
29
4
27
63
59
15
13
21
609
963
1
1
1
150
185
2
2
26
312
368
135
1
39
448
54
2
7
75
2
2
1
213
6
202
5
2
632
577
23
19
46
775
26
12
759
954
2
1
1
23
35
134
1
1
226
1
1
1
338
42
6
2
25
35
68
1
116
57
1
67
2
3
7
42
238
2
802
3
149
254
85
151
426
760
5
1
92
14
97
179
3
83
1
22
2
5
102
276
35
51
60
559
244
10
2
471
105
18
3
176
4
3
5
797
98
141
2
1
224
17
245
7
16
19
17
702
44
9
44
571
1
1
9
69
30
2
9
22
1
651
6
2
12
4
567
218
27
1
583
4
218
169
1
1
1
4
22
329
5
9
3
44
42
75
224
2
161
36
381
1
706
6
474
132
203
16
1
166
4
45
1
727
3
3
1
20
405
1
30
101
5
2
420
75
1
9
9
621
144
4
71
60
5
469
4
123
16
1
942
320
168
912
1
148
1
61
52
5
210
3
3
4
2
510
3
25
32
63
670
1
15
235
1
11
459
570
12
6
36
4
237
15
955
75
220
27
427
2
3
3
1
638
10
1
30
5
89
2
65
436
74
36
3
13
1
1
80
42
4
72
117
36
13
2
1
425
162
2
319
37
548
33
318
24
115
625
545
20
5
11
2
115
7
167
7
17
12
3
501
1
1
59
56
1
17
2
3
386
23
3
158
32
159
4
2
31
215
7
349
379
143
8
1
107
77
2
1
10
955
1
618
16
3
1
51
9
990
4
302
44
4
2
209
12
7
88
67
276
10
132
1
34
24
711
8
55
1
849
1
3
5
558
56
18
183
490
9
1
75
112
126
54
9
7
17
175
13
4
2
12
270
509
1
18
83
11
1
78
1
11
1
415
1
3
12
20
8
158
5
1
3
70
943
2
1
6
31
1
613
58
501
54
248
65
5
11
89
56
11
34
120
96
14
5
47
999
15
281
682
1
6
31
62
1
8
341
450
13
1
2
164
69
836
5
542
1
148
21
806
1
12
206
27
6
34
106
623
151
12
5
90
4
3
108
40
763
905
9
395
1
391
71
11
288
15
189
6
3
2
4
17
5
63
139
728
2
262
6
4
3
167
2
357
43
180
1
410
5
102
392
3
75
297
3
1
170
1
123
37
1
16
54
5
104
234
15
43
44
764
2
5
27
664
1
493
537
830
1
29
2
729
5
1
264
910
21
467
50
3
484
2
1
4
43
12
44
2
83
86
677
146
7
467
32
571
32
7
88
923
418
104
1
1
564
315
1
85
205
1
91
1
12
76
23
387
337
38
281
2
300
2
2
4
46
1
3
157
46
22
15
907
5
3
412
4
830
1
26
8
418
127
210
128
3
646
12
351
161
7
818
4
1
25
2
2
18
2
58
660
745
1
454
2
14
625
22
1
1
979
11
267
143
25
1
140
801
25
126
336
254
2
35
47
2
3
2
3
13
693
6
6
434
868
470
576
13
1
21
278
15
35
68
1
1
2
423
2
3
1
331
564
137
762
27
33
18
452
155
4
31
5
419
1
1
106
3
111
5
2
434
8
596
2
241
7
2
511
149
55
21
62
22
1
51
1
72
99
456
3
38
6
339
2
42
4
379
40
97
409
109
2
4
16
2
3
71
5
53
599
13
900
172
1
22
1
25
257
2
105
4
986
31
6
1
2
65
1
19
603
11
913
1
472
6
1
170
1
52
4
1
4
1
85
1
188
710
5
7
1
13
2
214
1
25
91
51
1
1
3
46
226
1
93
376
5
112
30
993
934
64
136
9
42
1
4
2
2
1
1
2
11
1
342
11
754
9
7
3
1
536
1
8
2
311
9
27
1
116
2
161
5
1
2
889
10
910
1
49
4
72
279
1
192
4
4
75
97
46
14
262
2
10
1
64
1
6
6
16
315
523
68
52
49
867
1
9
38
35
3
19
185
780
45
155
6
1
8
9
1
3
34
201
115
1
2
49
142
493
502
1
520
3
7
675
43
1
1
1
431
7
1
162
2
1
19
4
5
4
16
29
231
1
1
14
267
1
1
26
876
91
1
383
53
221
583
1
1
316
5
3
38
31
125
127
6
4
590
6
89
307
119
180
91
205
111
36
1
44
17
1
221
314
589
353
22
26
131
38
4
152
1
252
18
4
49
8
140
540
475
4
1
45
13
2
627
13
657
9
68
1
117
1
3
28
133
161
213
1
103
33
5
1
247
94
278
629
26
623
1
14
7
9
2
94
3
46
554
211
378
290
825
53
28
6
1
576
277
4
45
49
652
19
14
3
1
8
485
453
11
32
163
66
14
795
4
382
14
80
628
36
33
1
782
1
14
4
5
32
532
41
116
855
12
28
531
39
4
19
1
73
413
258
20
8
1
6
1
20
716
226
2
792
1
1
1
515
74
46
68
402
51
128
167
6
8
6
91
50
15
1
424
22
169
9
919
17
1
2
226
33
192
1
174
24
637
285
154
12
93
27
11
13
1
398
1
10
3
280
1
41
9
345
8
122
3
1
1
4
1
1
2
4
98
13
1
8
100
319
50
52
1
5
2
42
1
145
11
23
662
4
8
27
156
13
2
35
387
5
14
152
4
85
896
119
1
6
101
184
439
1
350
657
290
4
15
258
25
3
6
11
62
686
941
26
41
4
48
215
6
1
1
24
20
6
2
129
13
14
4
505
1
77
150
5
16
2
14
699
5
12
1
497
75
553
3
243
19
22
7
1
51
6
125
2
467
45
9
1
112
1
29
18
39
1
63
700
44
12
1
877
473
2
470
1
255
10
1
2
3
3
487
4
5
3
1
919
813
584
10
1
572
2
36
1
19
3
2
1
225
755
191
10
17
40
423
7
345
13
12
3
189
650
151
27
9
49
108
7
600
1
69
33
2
6
3
4
933
292
282
4
19
63
10
78
16
602
11
13
128
14
445
3
18
4
673
2
1
3
10
154
6
193
22
5
376
9
9
14
11
383
5
1
2
475
9
15
117
24
54
696
2
2
18
133
13
875
26
30
1
1
214
153
21
303
1
404
9
1
886
31
1
806
450
8
5
2
14
168
3
2
26
2
6
4
654
421
15
192
14
4
401
1
10
459
7
531
1
924
2
121
8
513
545
20
221
242
100
1
262
3
7
13
55
105
326
3
2
26
117
15
173
85
492
24
3
2
227
1
88
253
5
829
239
2
236
1
7
119
12
151
12
3
102
5
2
305
3
290
14
831
1
1
73
7
2
146
1
136
15
26
461
2
2
8
474
6
457
1
931
631
1
14
55
1
1
10
130
4
15
40
157
17
306
9
2
58
1
49
287
547
219
1
13
508
262
260
3
472
61
4
6
4
117
236
2
8
26
798
1
4
11
14
17
10
548
1
490
8
8
6
2
114
847
80
1
174
898
1
2
411
5
8
33
12
31
52
87
4
1
9
44
3
15
47
177
305
846
18
7
9
2
1
6
15
5
3
257
167
19
5
190
1
313
228
1
161
44
8
16
5
264
8
31
15
1
13
116
369
1
50
24
71
92
183
53
1
195
554
70
97
55
18
352
166
8
4
3
985
8
107
24
2
2
20
454
16
12
231
448
4
1
455
348
8
213
72
56
767
783
40
12
5
237
16
351
1
20
63
4
1
4
13
273
27
211
9
113
1
1
2
74
117
9
141
970
6
1
17
301
1
13
531
38
14
1
101
5
82
2
600
259
296
8
1
372
11
3
7
128
1
11
624
376
3
4
21
221
20
7
1
5
13
60
676
143
1
232
56
113
25
10
14
32
119
992
2
3
48
640
3
1
1
76
1
10
3
97
1
624
951
6
1
50
2
1
308
24
25
12
95
195
1
1
296
4
41
13
6
8
1
969
7
282
245
175
17
27
69
38
1
1
38
290
7
96
87
1
80
148
433
3
5
5
15
38
39
3
685
57
33
1
21
1
2
17
6
86
104
321
4
580
383
279
6
1
2
30
97
323
4
105
94
2
23
24
6
824
403
234
1
5
19
5
1
1
369
21
45
16
41
18
111
246
16
108
141
1
27
9
61
714
13
68
9
7
31
864
659
500
91
275
294
19
78
22
300
2
5
12
39
3
40
146
16
21
14
5
6
82
22
19
42
2
327
538
79
747
1
62
11
1
47
535
1
3
20
38
406
239
25
1
126
2
130
458
1
1
11
725
528
11
34
15
9
18
18
30
9
2
291
91
85
18
75
34
28
2
41
3
612
119
279
153
221
1
8
17
14
13
9
541
2
36
148
148
125
2
626
22
2
2
4
15
1
5
1
173
7
977
2
68
90
409
173
2
1
7
303
41
57
7
1
63
159
2
1
193
3
50
9
240
597
38
192
1
311
70
1
128
309
66
541
982
4
280
39
573
160
268
4
157
40
330
66
19
1
11
3
61
27
45
361
127
151
7
10
15
40
16
15
149
1
11
7
426
10
230
3
45
14
57
1
2
70
588
37
144
593
1
21
34
3
15
1
16
107
10
223
260
48
1
3
706
5
141
2
2
21
20
6
96
1
163
13
1
23
21
13
8
5
6
88
177
5
165
11
1
10
5
2
248
498
2
40
33
264
262
111
353
51
1
537
6
163
21
1
2
78
10
1
135
335
1
962
603
23
638
534
4
6
113
1
2
82
1
211
56
454
2
136
407
9
42
22
41
932
952
771
249
126
5
29
4
7
55
4
176
5
333
8
5
6
96
33
84
366
11
3
37
1
927
2
765
19
476
1
10
30
134
15
18
46
184
15
3
442
463
3
14
940
31
967
49
5
4
120
41
1
39
6
135
67
2
550
11
7
43
619
3
219
3
2
14
10
560
29
2
1
14
6
5
54
8
3
1
15
1
15
26
466
1
3
143
48
276
5
429
31
425
2
138
175
1
1
181
429
551
19
90
641
2
14
1
1
27
347
12
62
299
873
39
131
961
428
36
13
140
1
529
331
196
3
1
5
1
9
683
3
133
620
281
5
4
4
1
38
24
183
13
2
23
10
75
13
1
171
575
489
444
1
16
9
330
106
4
19
7
151
10
1
63
10
230
58
860
57
42
291
505
201
993
1
21
291
1
10
120
21
1
177
220
374
394
27
838
4
663
259
34
18
306
2
14
45
210
1
15
481
7
139
2
579
3
3
813
144
1
1
1
3
2
4
19
7
2
44
346
30
1
9
83
304
274
146
2
2
38
7
38
1
7
24
1
2
3
173
84
72
1
1
214
119
8
82
23
2
192
216
114
1
115
5
168
132
1
1
138
8
1
212
407
3
29
1
9
23
263
111
1
157
12
67
248
17
10
3
60
8
7
18
48
16
7
14
89
44
1
12
2
1
734
855
21
163
251
2
7
66
566
37
88
80
173
9
120
2
133
2
8
18
69
5
11
229
3
2
678
13
37
273
253
2
1
19
8
2
340
428
241
6
5
16
93
74
142
9
446
214
71
16
3
157
26
12
1
36
49
43
54
2
1
22
13
1
58
1
964
2
238
110
171
5
38
179
1
115
1
885
19
1
7
44
46
29
60
1
294
553
29
4
2
696
1
1
39
3
4
18
22
44
10
5
276
854
61
39
497
172
1
1
141
30
2
37
1
441
12
4
30
2
765
8
703
207
1
32
15
96
2
4
30
26
31
204
30
155
8
15
430
4
14
57
1
62
7
83
143
179
3
1
2
9
1
70
56
872
538
6
396
17
13
6
34
52
682
1
3
1
45
630
912
18
6
45
1
18
233
7
7
100
1
8
80
162
59
222
918
443
806
49
72
993
72
3
65
7
128
5
1
12
1
9
4
1
21
1
19
728
22
319
671
98
2
1
14
14
4
13
80
846
48
276
30
153
639
25
265
75
10
26
1
19
26
3
3
109
572
57
2
13
5
2
3
538
2
35
8
44
859
13
351
26
6
73
82
881
24
559
5
25
64
9
1
22
95
78
24
99
63
46
158
279
4
10
18
309
2
23
7
414
376
16
229
4
4
28
596
13
2
71
243
1
184
4
2
7
84
8
9
2
13
14
544
21
1
3
1
63
5
1
1
1
69
51
14
9
4
296
9
643
1
180
442
258
26
21
1
25
2
12
27
221
2
646
4
27
3
132
316
917
124
2
5
44
112
51
8
16
843
220
138
1
4
954
73
402
30
250
2
492
967
68
23
1
25
9
383
968
25
1
54
20
131
6
134
3
2
5
1
76
1
901
37
43
34
18
46
55
1
35
40
102
1
12
9
14
90
73
1
1
5
622
27
1
9
1
145
899
262
324
2
983
68
5
920
2
52
44
789
48
166
752
461
212
24
10
34
1
58
77
66
602
1
141
711
2
1
57
33
629
5
279
5
28
2
47
6
12
127
44
166
643
1
331
12
1
2
2
2
102
750
932
3
16
267
3
107
15
7
3
58
463
1
11
553
5
98
21
500
1
60
364
5
1
164
56
1
10
3
24
4
332
740
2
25
18
466
20
91
72
22
6
1
145
182
51
326
34
225
1
1
59
49
11
1
19
34
65
7
10
1
40
62
257
13
48
341
38
1
101
2
7
1
316
5
87
37
3
1
2
915
229
546
810
345
37
907
10
134
977
71
15
388
10
21
23
310
1
18
656
31
2
4
3
173
638
8
5
21
476
310
96
23
16
42
3
202
153
860
2
9
14
287
64
526
34
389
14
971
5
566
6
1
43
33
65
368
767
44
4
15
176
6
935
346
170
518
30
1
5
167
38
471
113
1
5
88
1
155
79
5
183
324
3
9
746
54
1
91
61
28
28
1
155
2
1
754
8
1
159
2
54
53
108
26
3
1
1
28
3
533
2
190
6
4
20
2
103
59
3
343
1
16
12
60
70
69
815
5
102
139
22
65
32
1
38
1
532
31
12
128
20
233
302
197
1
1
9
26
8
6
1
149
6
4
573
275
647
106
61
12
44
349
113
9
2
720
692
6
42
1
548
1
431
1
33
2
38
43
164
172
7
281
9
29
8
688
2
155
47
1
90
9
685
329
3
18
16
3
10
2
667
2
1
43
9
1
124
5
62
8
1
263
59
611
154
935
90
98
160
53
14
2
5
43
2
28
3
24
66
5
669
227
16
1
32
322
1
32
209
3
3
3
470
66
10
3
265
114
557
261
2
5
61
236
1
1
7
944
159
283
121
81
63
123
2
526
3
570
8
31
43
151
21
1
81
1
1
1
9
763
1
17
94
226
9
184
37
38
186
1
7
18
4
341
724
173
82
30
253
5
2
35
134
86
18
656
6
615
909
1
2
18
499
2
111
55
270
20
3
131
2
46
5
5
372
218
39
637
258
34
434
7
4
389
331
74
13
14
366
4
1
18
5
201
11
1
353
5
1
3
100
4
4
1
237
22
64
20
308
88
2
281
792
234
64
11
7
3
11
5
385
32
191
30
4
618
58
1
40
740
6
378
3
102
1
1
25
20
21
17
140
156
495
2
39
17
12
154
23
25
12
1
430
5
316
6
2
223
474
35
5
443
10
184
79
1
70
11
9
2
19
10
509
1
1
4
59
93
5
12
243
688
527
469
4
48
1
15
2
705
673
463
203
49
6
3
13
1
261
529
23
2
377
617
90
195
1
1
413
17
79
3
14
36
209
468
439
1
99
156
177
42
552
32
714
396
65
62
10
2
2
22
2
4
772
9
3
21
213
791
25
4
4
92
2
2
1
1
2
1
35
5
4
2
299
152
1
115
3
1
109
106
1
282
1
32
905
218
348
32
18
378
5
2
1
402
34
16
2
11
72
1
14
44
2
161
60
1
6
12
12
1
3
225
258
67
5
16
62
7
899
1
290
93
597
3
780
14
518
109
20
174
1
1
19
417
9
67
30
8
42
21
323
1
9
13
8
6
3
443
403
26
281
11
1
345
1
801
380
5
153
79
10
110
51
1
17
7
235
18
142
2
6
631
3
2
390
9
23
56
6
486
2
8
209
8
24
1
4
4
40
12
154
879
23
109
21
5
9
7
50
6
36
7
242
20
4
661
937
7
10
1
13
339
19
2
7
342
14
1
138
4
1
1
14
97
109
10
3
23
15
462
2
55
4
245
2
99
1
4
1
234
113
3
1
315
1
18
1
27
2
17
837
83
1
33
246
2
122
1
201
5
190
4
33
34
902
5
2
25
10
23
126
1
2
242
1
232
10
84
35
535
406
101
296
101
20
441
203
2
286
26
69
17
21
59
9
242
8
3
727
2
2
1
7
1
50
17
161
1
28
4
59
288
1
972
3
3
231
688
16
15
64
101
1
1
4
2
6
100
893
2
3
13
8
101
853
17
42
59
82
16
73
4
363
27
92
680
488
3
16
99
1
40
78
8
219
2
168
4
40
34
495
790
3
248
87
3
2
299
1
3
635
1
2
144
3
58
6
503
146
687
2
470
2
167
61
880
1
2
2
3
228
3
75
144
1
549
1
46
95
270
6
1
23
1
33
479
3
67
341
342
591
106
1
739
188
173
14
644
1
69
303
1
764
191
460
6
5
355
5
114
463
2
8
2
311
58
1
7
14
2
1
46
104
336
22
1
4
956
5
6
1
244
159
246
1
182
82
343
596
3
1
482
175
120
262
1
690
929
1
166
21
17
2
3
218
10
334
99
11
10
4
2
20
54
506
3
74
129
4
22
12
104
26
13
39
29
29
1
782
2
228
2
49
8
291
5
4
1
72
1
1
118
10
25
14
1
3
68
483
193
4
1
7
24
83
348
5
15
11
37
858
198
3
313
807
1
936
46
30
438
41
3
647
5
14
285
529
1
2
126
827
2
4
336
103
18
86
1
928
16
2
2
132
2
1
14
6
7
2
1
1
309
5
1
1
3
404
10
2
34
4
53
1
133
740
27
237
12
20
16
504
94
1
1
270
96
11
938
1
66
325
15
144
1
20
38
26
168
5
5
305
1
345
17
98
11
1
163
2
2
5
6
735
398
62
2
36
2
3
23
6
272
464
8
2
7
25
789
3
557
84
74
1
8
92
5
484
3
11
10
270
247
757
363
337
17
102
584
365
360
6
4
2
11
54
1
70
3
32
110
86
2
100
255
1
300
25
61
26
1
119
411
1
7
66
420
1
67
477
4
131
68
795
851
16
33
21
2
50
214
14
83
240
1
97
18
1
13
95
1
3
41
1
6
9
2
844
741
69
22
7
1
17
83
216
359
666
539
26
3
44
171
264
91
1
26
1
1
1
3
24
4
9
16
1
7
490
32
7
31
56
1
256
44
243
1
269
7
235
371
5
385
3
150
1
1
389
416
21
398
44
7
1
395
17
32
1
244
182
132
53
148
37
1
71
133
18
1
64
81
3
7
1
151
109
6
61
1
1
163
1
4
95
5
3
7
82
53
770
925
3
172
24
2
2
26
7
16
25
1
25
499
664
174
83
875
196
7
46
59
3
76
201
736
876
2
325
91
39
1
20
109
93
1
318
18
1
158
2
1
1
2
35
87
26
11
11
3
426
1
10
956
17
69
15
298
33
3
5
52
1
1
5
1
92
4
16
525
206
5
62
6
1
1
6
158
112
2
60
719
6
99
118
40
1
1
435
95
52
141
300
54
2
16
75
35
172
3
5
279
4
138
3
59
5
71
26
169
9
39
3
7
16
232
45
216
528
1
222
1
340
23
239
64
38
498
589
8
7
372
863
10
35
455
40
1
11
78
6
83
10
1
2
297
242
796
2
1
2
65
108
1
22
1
73
645
305
7
2
107
29
6
75
3
2
2
6
18
594
1
4
10
2
5
512
3
1
5
107
35
20
4
88
71
32
9
887
334
40
5
2
4
45
27
24
4
485
34
24
5
135
288
111
99
1
139
407
24
76
54
13
131
204
96
6
228
1
2
5
66
7
86
178
129
1
1
18
140
415
955
1
683
4
398
5
843
1
18
1
200
203
10
160
333
75
6
3
1
2
77
3
85
6
2
19
283
333
3
1
29
952
1
672
23
28
109
4
37
219
153
66
1
247
48
73
1
369
3
3
80
845
43
2
1
149
86
78
421
2
43
744
801
55
30
1
6
698
81
1
3
1
5
365
14
4
162
1
1
212
104
188
29
127
60
65
172
8
16
71
172
125
2
217
189
1
753
104
192
299
95
35
3
349
77
40
510
392
93
116
151
1
839
16
1
129
23
3
7
127
1
921
1
4
256
522
6
1
5
962
71
12
88
12
8
2
3
591
34
3
51
28
20
120
8
902
1
28
9
4
40
210
8
103
10
101
112
2
4
3
825
4
5
21
336
5
119
67
31
21
360
22
9
552
61
211
5
7
76
7
2
42
308
9
3
3
615
63
66
211
39
47
1
1
10
19
1
14
644
9
3
983
1
4
2
233
1
90
1
582
1
34
1
525
39
968
2
1
1
590
8
14
478
23
1
78
748
3
153
15
949
693
7
1
129
16
6
1
1
14
22
53
140
145
5
10
4
1
192
1
701
9
1
13
274
59
2
4
116
1
273
798
50
11
1
1
3
48
649
5
1
965
13
89
36
112
36
394
36
70
424
1
34
1
517
25
89
15
64
558
322
822
167
1
102
156
8
284
2
117
1
853
131
958
80
3
42
166
444
953
1
34
2
11
379
41
1
263
19
11
4
8
716
609
1
29
78
995
4
8
18
684
56
2
82
160
404
3
935
7
106
178
4
2
12
61
130
100
2
657
599
1
74
10
16
9
398
594
78
12
273
2
103
37
6
156
867
1
3
34
53
39
419
5
41
2
1
1
16
24
288
11
880
3
175
508
11
8
861
6
434
2
1
3
314
14
1
5
23
2
1
24
4
811
193
15
4
51
50
2
3
4
2
93
189
699
915
12
25
494
160
2
46
438
72
8
6
18
3
464
3
451
159
6
842
1
35
294
386
3
32
95
381
428
132
2
3
41
87
3
5
18
66
2
574
1
1
5
111
16
16
38
183
4
455
11
3
1
468
1
25
47
35
226
644
4
119
1
46
34
9
72
1
3
895
31
3
8
1
745
83
72
1
114
21
127
4
404
5
357
74
13
120
19
3
208
948
26
282
447
298
3
26
89
3
153
13
11
727
8
10
247
53
35
72
1
23
28
1
133
112
1
121
112
642
11
15
8
11
78
2
360
18
959
189
326
2
421
11
2
2
29
528
265
198
6
7
1
94
4
1
71
423
661
625
48
10
804
95
30
8
134
7
213
100
499
141
4
1
17
6
12
2
14
6
2
763
18
511
251
73
48
92
142
1
3
75
77
1
2
252
69
4
260
23
874
848
22
44
5
552
2
264
397
2
14
9
14
10
3
717
3
5
51
4
583
3
1
37
150
903
332
29
62
304
7
116
4
24
357
493
4
86
1
527
44
530
2
10
357
4
5
8
29
15
367
229
441
252
42
314
159
874
660
5
1
2
936
30
5
175
4
47
9
19
6
313
1
26
193
6
428
182
130
18
128
151
709
45
18
96
5
2
18
27
56
42
36
24
10
950
318
27
102
15
81
729
458
1
224
722
137
36
13
4
77
5
1
4
34
4
223
76
318
29
2
8
17
227
45
4
62
144
104
51
1
891
1
5
2
1
10
1
137
285
75
123
12
979
1
358
1
9
2
17
3
122
52
271
19
2
1
30
9
1
1
1
18
37
111
5
77
700
19
1
31
1
108
1
41
436
1
21
134
10
99
402
28
5
106
25
1
1
11
21
1
704
7
197
12
41
5
942
89
769
1
113
3
29
1
44
6
33
18
4
197
411
1
1
59
726
110
21
355
6
169
360
910
1
8
38
12
16
2
2
2
1
399
21
2
1
1
2
126
81
222
356
2
2
280
2
44
34
2
71
156
3
81
14
23
4
1
53
4
5
3
1
70
13
21
309
66
7
231
66
130
1
2
52
125
1
971
53
7
5
3
8
4
2
3
432
1
4
404
973
549
5
705
2
165
354
3
508
5
13
100
168
172
2
44
5
574
18
1
96
271
799
1
5
2
3
2
270
144
13
14
2
6
6
138
2
36
11
1
14
12
7
1
118
8
4
4
3
57
15
6
543
2
1
4
7
179
3
227
1
22
11
911
18
8
6
6
133
2
13
2
1
1
2
48
2
2
1
4
42
5
16
1
35
4
1
522
4
1
1
218
109
5
66
36
14
8
15
310
61
4
92
4
4
8
1
8
110
1
193
581
19
5
8
1
31
258
643
373
4
269
36
1
107
9
278
197
1
212
247
5
1
580
4
664
368
66
79
56
9
375
2
192
265
884
106
282
12
99
127
2
70
71
164
5
55
3
84
50
556
985
216
202
319
598
124
100
1
1
9
18
122
901
131
833
40
10
564
17
17
75
102
1
60
2
2
256
15
51
1
428
1
45
70
105
76
4
82
444
1
156
21
9
31
127
183
1
53
840
8
229
31
60
3
21
367
981
1
397
48
23
7
830
189
610
6
1
4
9
409
2
762
12
12
5
37
105
160
297
142
22
355
5
85
14
27
3
1
841
2
3
15
34
2
470
7
128
392
10
1
5
36
85
344
10
1
200
1
24
1
201
1
370
205
30
656
8
12
4
69
761
773
7
128
3
47
174
137
3
1
15
49
428
435
15
1
62
110
2
28
20
56
964
151
10
777
2
163
2
492
710
102
194
1
349
18
639
3
404
120
2
307
621
128
26
79
1
3
123
3
111
803
4
94
530
215
8
236
39
3
5
8
2
1
653
6
699
73
75
240
1
20
1
7
4
21
2
1
37
5
31
199
1
1
1
144
73
32
1
499
30
3
123
51
525
1
4
785
3
14
118
3
1
97
3
1
6
5
217
33
210
48
1
613
1
4
7
3
3
246
46
839
152
2
29
1
8
169
16
158
162
1
6
8
9
83
319
442
678
1
89
4
758
2
5
4
39
203
4
89
1
10
2
223
4
250
435
1
311
701
3
4
42
323
760
451
8
20
18
30
2
1
400
8
438
2
1
802
172
41
10
1
881
45
41
31
5
24
675
38
10
484
749
2
3
666
18
29
474
1
14
275
134
437
40
1
88
1
108
33
7
12
997
2
3
93
4
45
1
6
25
4
72
5
21
46
1
19
196
107
10
1
287
88
228
831
1
1
112
1
338
20
4
1
88
90
1
12
6
357
1
28
3
186
871
95
6
775
207
249
5
24
5
127
1
26
10
127
60
170
73
1
126
1
951
679
749
103
5
47
2
516
767
1
4
30
3
34
14
344
6
11
105
181
1
44
577
60
4
29
109
435
15
4
2
101
19
2
23
1
17
13
178
6
41
23
4
281
17
5
1
3
301
212
4
254
48
23
1
65
83
1
5
53
8
126
84
11
11
393
405
23
33
132
510
108
1
42
1
1
118
26
278
133
2
9
12
1
7
105
174
1
234
27
43
252
8
1
191
349
1
1
177
2
5
1
37
1
577
144
2
863
5
1
3
148
1
45
2
448
32
24
28
1
61
92
1
83
60
3
448
3
117
1
1
23
213
2
297
17
16
672
11
20
10
38
1
2
779
28
134
1
582
43
1
4
19
22
274
93
2
39
63
214
29
2
198
918
14
370
3
265
41
2
20
125
297
747
7
16
146
6
1
3
697
2
8
240
628
82
6
165
3
257
2
59
157
3
19
9
1
165
3
15
43
250
2
3
262
1
7
4
16
445
5
1
7
112
15
339
248
950
223
31
224
41
3
27
1
2
22
81
2
2
453
2
418
132
2
24
1
67
4
491
123
69
413
7
44
1
1
1
2
2
7
40
16
9
6
1
355
22
2
5
321
2
3
788
2
4
634
2
3
1
32
6
108
4
23
260
1
497
131
1
33
34
3
57
2
2
494
561
7
1
24
1
1
9
5
45
8
1
47
5
13
5
33
46
21
210
7
48
348
21
8
8
1
8
24
13
38
6
4
1
1
15
123
188
746
117
250
4
11
1
110
6
1
69
6
335
531
1
12
3
23
4
1
89
67
95
282
126
247
234
17
24
6
48
381
409
1
150
89
2
105
47
309
5
150
2
378
31
1
1
1
620
116
400
9
12
2
79
88
1
50
2
295
118
140
29
17
146
131
56
233
11
207
8
997
40
11
15
22
80
149
1
63
799
94
121
449
4
601
97
50
11
151
317
1
396
33
6
35
4
185
5
137
3
1
13
581
11
209
3
295
524
32
545
2
2
18
713
506
4
5
82
303
27
100
98
539
103
3
574
954
27
921
27
91
20
1
3
21
738
654
31
111
133
2
3
3
12
3
2
53
20
567
15
2
202
6
517
82
416
5
4
22
1
623
1
95
19
3
136
29
12
3
304
81
197
380
23
4
188
672
1
587
50
2
5
58
14
2
57
75
14
1
37
29
7
1
847
7
2
172
58
21
1
143
81
2
63
1
9
264
1
16
59
6
1
18
1
40
1
2
3
2
2
1
107
390
191
87
250
1
2
358
1
57
28
114
68
2
49
7
1
28
245
15
74
7
8
18
5
1
4
2
69
318
2
607
24
2
31
182
4
299
1
151
186
2
2
2
2
403
63
2
148
6
76
13
401
1
7
123
22
6
1
457
1
9
264
362
1
4
1
1
368
123
8
18
986
109
135
1
16
12
765
8
2
1
707
3
68
62
7
10
22
449
2
260
2
166
2
35
286
16
9
1
230
11
1
22
5
18
2
46
217
1
748
3
747
7
53
29
12
269
5
651
381
1
12
366
588
10
311
52
4
458
424
39
27
177
10
2
65
27
1
354
154
948
4
11
49
879
10
2
633
106
514
848
5
91
13
35
19
3
984
1
114
17
3
3
473
114
25
2
229
3
4
268
17
86
1
2
26
8
1
512
1
8
856
96
17
7
1
1
2
2
208
7
17
1
16
1
3
220
106
2
2
22
201
103
28
2
122
4
71
125
134
42
66
23
12
1
24
2
3
1
8
13
230
78
222
30
23
70
11
443
65
15
311
69
11
4
826
13
30
1
321
6
44
2
2
3
460
432
2
1
2
379
12
49
24
2
2
1
9
74
7
22
48
562
299
1
47
79
25
640
940
251
67
141
89
1
1
1
1
298
77
1
5
257
893
339
445
19
213
10
20
13
1
18
170
1
4
4
605
32
786
98
92
1
1
514
33
50
8
4
23
2
249
20
9
172
9
129
882
570
7
1
1
123
2
3
644
135
31
27
133
86
289
403
7
6
4
16
116
2
2
20
450
1
186
1
3
1
10
30
9
65
14
168
2
2
1
1
31
3
452
6
513
4
60
134
9
16
91
2
828
2
832
14
932
710
55
2
2
72
8
57
68
148
1
138
28
145
608
3
13
1
20
805
36
47
1
190
63
594
5
852
16
91
15
675
86
429
36
20
17
455
440
30
7
165
2
16
61
29
4
1
200
15
55
9
319
990
47
2
1
841
4
718
2
45
2
131
120
187
736
243
2
1
1
8
1
661
273
1
6
47
219
7
25
1
4
168
429
8
3
30
33
13
1
6
45
3
19
633
43
2
165
237
115
8
4
2
16
1
1
138
2
575
668
41
84
85
439
14
124
3
2
1
17
3
85
45
2
9
2
14
33
32
4
892
101
5
808
3
2
409
694
17
257
1
55
56
969
34
479
57
39
1
4
77
1
2
38
13
2
48
12
87
2
266
2
6
3
6
193
40
8
5
52
19
11
1
17
352
2
116
154
28
6
84
502
14
1
15
2
100
6
1
20
1
4
3
187
22
1
106
3
87
15
196
2
177
293
10
53
513
3
34
11
356
1
3
10
488
94
5
8
49
8
12
106
114
142
1
77
203
23
109
10
6
1
1
689
1
10
142
282
101
1
1
253
450
7
11
98
179
170
14
121
1
49
40
1
27
25
3
395
12
8
32
475
1
1
31
17
6
325
17
1
77
482
593
374
124
190
1
2
480
61
1
180
156
4
145
4
180
473
2
3
24
11
1
555
2
6
20
3
17
4
185
37
2
4
6
15
183
10
19
122
33
19
13
13
11
4
82
43
45
1
4
1
3
147
475
3
778
209
950
82
1
2
19
4
28
84
400
12
317
1
1
4
21
2
4
8
55
101
2
9
352
210
7
162
164
62
171
2
7
23
131
15
1
399
7
11
74
660
1
218
2
46
64
54
15
3
11
54
52
11
23
563
9
3
2
2
7
19
23
1
9
213
592
951
1
17
38
3
29
96
5
129
34
324
110
2
6
714
1
28
2
1
16
20
18
39
4
1
4
9
29
12
272
32
1
76
1
157
2
4
208
321
2
1
42
551
69
8
3
269
2
228
2
9
19
40
742
6
14
68
4
2
47
295
816
152
7
29
35
41
375
20
67
7
1
1
350
16
4
2
155
3
53
127
1
1
246
152
7
776
381
1
92
1
6
358
3
1
2
864
2
29
17
3
51
24
190
32
4
8
10
11
88
27
23
78
1
32
11
2
1
1
531
5
11
16
277
20
7
5
6
26
178
280
542
11
3
5
8
671
719
44
980
1
5
140
3
391
8
24
1
1
2
2
318
1
2
829
487
3
8
84
525
11
2
1
406
13
4
1
328
14
555
150
263
332
8
6
359
4
1
2
2
67
67
1
22
109
20
1
71
2
80
200
2
1
216
75
2
5
500
14
640
27
9
723
22
134
2
580
187
189
258
5
104
221
1
35
108
19
4
113
68
21
594
295
175
37
73
458
563
97
233
7
1
6
2
10
10
18
261
2
2
711
1
13
53
155
68
1
228
6
13
1
6
6
12
542
118
197
249
707
256
623
1
159
1
60
43
8
1
4
67
10
34
16
107
1
2
7
5
35
9
39
6
966
85
44
2
22
36
483
369
4
8
6
48
1
388
681
741
2
6
473
82
20
10
442
1
1
10
237
1
69
235
137
6
68
114
204
1
80
51
341
306
3
24
310
6
3
7
1
365
11
1
3
284
12
29
6
420
1
15
85
8
5
1
110
36
10
39
367
30
19
972
62
67
62
19
674
214
14
425
202
5
622
2
377
19
2
1
3
17
627
959
311
1
811
7
11
41
3
434
3
6
1
36
68
1
1
72
1
87
12
965
1
4
34
190
350
159
1
709
246
736
384
334
19
722
35
2
1
939
1
144
2
761
1
6
196
264
18
9
60
3
912
3
18
3
4
2
5
5
1
61
227
70
3
4
43
3
47
709
1
377
241
181
518
107
11
726
100
258
1
1
41
6
726
25
60
1
26
142
1
6
1
14
12
4
241
464
19
58
8
1
4
1
7
1
541
692
21
2
9
6
1
648
926
2
13
2
9
924
2
1
293
400
385
284
80
528
9
4
26
30
195
621
28
10
26
1
22
24
139
29
167
54
12
52
34
46
16
52
1
4
21
761
22
322
39
1
1
1
178
109
750
456
1
62
1
1
36
2
6
1
339
1
43
12
16
74
991
124
1
3
8
1
2
21
556
14
6
147
67
1
1
1
173
13
4
2
1
125
987
43
394
1
6
64
8
7
4
904
4
32
2
176
2
215
1
928
1
1
1
888
61
127
1
2
98
56
988
33
6
5
2
897
102
39
370
42
1
2
1
3
5
1
8
16
148
2
1
122
629
347
1
1
10
780
14
310
328
231
17
13
1
390
947
3
2
2
2
59
30
1
55
1
731
2
1
825
133
1
1
7
5
45
8
125
3
19
78
69
181
4
107
34
787
33
104
1
13
17
27
57
23
17
44
6
2
846
138
896
12
82
27
2
3
867
126
729
8
62
1
32
754
468
10
988
108
340
65
10
95
3
16
380
98
558
232
79
158
1
21
2
1
549
304
115
916
1
171
1
501
194
3
6
1
66
1
235
33
123
1
3
834
745
31
184
4
5
20
138
18
1
308
67
28
86
249
314
217
2
54
92
3
5
50
5
934
4
1
41
2
13
206
6
952
628
40
139
3
4
405
26
112
62
259
142
1
14
2
5
261
86
1
14
229
603
3
1
382
239
271
2
45
399
6
1
93
313
2
57
38
1
154
8
25
5
24
1
11
4
4
56
10
2
1
102
1
759
406
2
2
182
36
196
5
614
1
35
7
7
57
107
667
1
7
2
2
1
77
402
4
95
1
2
136
15
147
12
1
1
119
4
10
41
7
28
7
2
12
88
828
4
414
1
3
79
419
1
2
22
764
30
169
2
13
5
4
59
320
1
3
24
3
81
15
820
12
93
2
253
770
2
1
2
1
19
17
7
104
4
10
6
909
23
3
14
523
197
2
460
7
4
115
399
25
210
73
8
866
17
54
13
2
19
121
461
2
14
2
66
443
20
1
720
204
1
4
254
361
1
36
621
58
1
3
4
3
100
2
53
64
1
8
302
592
3
4
121
9
941
1
785
10
3
11
924
6
561
1
36
48
4
16
27
812
41
64
7
2
1
162
6
43
2
18
3
124
2
211
7
79
19
2
6
112
495
1
96
123
426
107
1
68
19
1
95
28
6
132
31
12
37
337
143
357
346
6
332
682
8
5
607
72
1
7
342
207
22
116
36
8
75
4
1
53
88
188
16
448
133
663
451
108
678
4
627
630
42
2
1
117
38
1
13
3
4
856
101
171
239
3
51
220
17
47
33
1
2
4
7
136
96
232
48
1
543
271
215
18
67
3
40
413
498
32
292
5
4
1
2
50
137
13
1
5
60
744
139
1
194
15
97
1
3
33
9
1
276
595
1
5
9
131
421
2
103
7
74
666
2
4
3
95
11
25
12
4
27
794
722
1
22
201
1
3
2
1
104
9
32
667
968
445
369
585
12
1
41
2
456
3
2
23
3
9
116
1
8
139
1
275
13
1
165
422
208
268
394
297
152
82
43
15
2
1
1
1
452
1
781
3
204
7
306
1
629
2
603
380
869
516
2
14
57
2
76
3
78
2
244
147
2
1
1
489
52
29
11
20
45
7
293
14
2
15
6
1
1
352
11
1
33
15
6
213
1
1
142
1
87
1
28
48
5
4
181
219
2
1
370
52
1
135
25
5
1
799
64
586
1
10
10
2
42
3
2
4
158
22
4
104
3
94
7
401
7
1
3
3
2
6
8
523
1
54
27
22
5
26
31
8
6
1
51
9
645
1
4
1
111
82
101
93
361
154
1
14
239
289
4
2
680
13
66
2
58
137
288
137
27
1
11
25
66
106
15
39
2
18
4
689
93
11
3
721
10
22
148
1
2
11
1
17
51
1
23
3
95
4
536
7
3
275
1
1
97
351
5
4
303
19
16
35
18
337
750
252
16
136
34
592
74
32
165
1
128
435
26
19
181
406
3
1
5
304
781
1
5
5
3
130
92
1
298
11
26
718
52
7
5
27
69
120
5
117
1
17
292
39
4
19
2
131
6
1
58
36
15
29
104
10
427
123
222
470
1
16
49
12
2
5
32
27
11
345
127
735
41
3
844
29
22
1
1
61
58
2
4
198
5
271
25
113
2
409
215
313
105
567
1
384
1
3
20
718
3
547
7
45
4
347
5
2
200
383
1
865
83
34
579
3
3
44
54
66
55
70
186
191
34
75
40
33
12
10
4
3
52
72
103
1
1
495
5
47
3
444
123
1
88
3
528
589
65
1
25
77
52
1
70
1
812
1
12
2
3
124
34
499
64
5
87
247
30
616
36
4
9
1
10
7
30
829
13
28
340
93
7
134
68
160
115
19
8
3
4
5
191
209
60
1
1
57
48
194
21
2
946
11
15
23
15
43
20
1
85
3
31
20
15
33
133
6
92
38
35
5
16
966
4
449
648
2
3
56
636
16
1
1
104
29
393
408
66
42
1
2
211
6
351
109
164
2
1
48
1
4
658
9
21
142
23
12
1
1
273
13
85
70
5
47
22
1
2
8
533
13
91
3
7
8
2
3
47
235
65
1
204
193
115
2
559
31
120
695
6
943
2
1
4
496
19
19
41
440
1
216
447
61
14
2
283
28
4
1
84
8
55
2
1
93
9
13
36
248
290
146
422
52
26
5
3
222
57
6
15
247
1
5
18
626
2
430
72
25
4
235
280
29
2
1
1
3
27
3
77
31
7
243
14
110
30
8
901
2
80
93
6
608
3
800
125
1
11
2
75
107
1
1
425
31
1
14
1
136
9
647
23
1
838
4
4
31
1
3
79
3
1
1
366
1
43
3
108
83
230
866
17
4
117
11
87
2
6
190
3
32
200
1
198
136
102
3
1
10
83
2
24
5
361
533
79
47
1
1
1
152
1
185
5
179
751
2
1
52
6
10
554
12
1
352
1
94
129
158
7
389
57
2
3
996
35
41
8
84
279
697
1
681
11
27
182
171
249
13
1
2
90
976
998
1
456
6
10
530
119
225
7
10
5
9
17
61
195
1
2
28
396
4
533
33
446
15
516
28
194
3
1
39
916
81
51
202
7
292
41
3
6
156
8
1
1
252
164
40
10
6
198
1
171
77
2
453
517
517
921
43
4
6
40
20
53
6
307
827
24
288
345
5
366
355
19
945
2
900
119
36
5
84
28
30
510
1
410
508
8
344
196
21
3
1
980
1
278
2
700
115
48
171
30
5
3
21
1
7
1
1
81
3
5
15
4
1
8
2
1
2
632
707
1
803
41
418
1
10
9
84
14
2
299
61
737
1
15
1
7
13
1
636
111
783
569
2
102
697
293
32
27
6
2
3
32
1
4
774
636
10
2
13
41
118
38
131
5
177
25
75
64
49
54
1
815
1
2
187
858
297
32
10
159
9
753
9
34
413
2
2
2
3
149
209
64
151
26
67
1
1
84
188
9
26
31
24
22
246
914
7
37
15
3
485
1
184
1
170
1
1
8
1
1
87
110
19
408
53
84
86
94
12
1
7
3
436
37
9
527
37
8
54
37
617
537
7
8
35
4
40
35
496
4
75
8
36
62
4
251
4
25
646
2
1
7
1
3
1
165
69
1
2
51
26
3
132
265
82
2
4
1
3
9
64
205
1
14
47
19
122
20
379
1
11
1
46
771
40
3
412
1
3
80
40
13
10
153
60
388
582
1
327
10
731
131
586
634
2
19
558
4
13
323
2
478
1
83
760
597
145
29
1
47
626
22
3
2
2
1
3
76
515
9
7
40
7
141
1
65
354
1
237
3
3
47
616
330
43
2
363
85
106
1
94
348
179
320
35
1
313
392
35
3
69
1
641
17
125
9
11
347
361
353
17
11
146
3
805
3
188
364
369
129
2
2
116
300
1000
2
271
748
9
22
31
155
242
5
5
63
1
1
362
1
1
15
1
3
3
1
1
2
93
989
5
2
243
99
375
2
171
3
1
1
18
2
10
120
232
1
22
14
82
4
494
5
860
421
2
143
1
1
3
17
268
32
513
1
11
107
571
4
2
3
23
7
718
54
28
591
88
9
15
683
7
108
28
676
3
6
221
300
346
9
7
109
351
40
152
3
22
1
311
19
25
592
289
398
2
64
110
967
33
1
20
1
4
400
261
862
4
797
31
79
4
1
53
178
123
8
3
17
2
15
2
360
3
1
1
1
25
86
271
17
181
478
4
2
84
3
37
2
2
494
30
5
6
2
750
8
1
776
1
158
10
45
679
14
137
1
2
16
28
4
136
11
10
2
89
38
1
1
1
5
7
7
143
56
2
64
57
575
15
865
47
58
415
103
5
96
29
14
12
65
58
1
9
1
5
4
73
50
29
138
8
16
2
5
1
2
565
14
2
15
1
74
744
1
890
332
58
5
1
7
26
3
1
157
6
2
2
18
338
23
21
197
6
93
244
1
368
10
142
25
1
178
182
161
2
12
2
386
20
23
474
74
54
10
8
436
26
39
8
147
3
1
18
3
260
11
129
1
3
19
39
16
8
1
11
65
2
12
665
59
5
57
3
91
4
8
3
1
365
131
978
58
294
4
22
375
25
4
136
46
930
322
14
25
111
159
1
1
102
160
790
3
11
1
13
3
5
930
4
715
5
1
775
30
52
1
31
1
10
325
8
429
1
2
1
3
1
30
183
824
738
2
185
2
63
39
199
83
11
33
7
9
22
17
1
1
8
150
215
7
7
1
82
178
2
2
3
5
64
5
16
3
322
19
110
3
34
1
7
6
65
9
51
199
12
41
61
86
45
1
2
809
646
2
25
1
2
13
7
4
7
96
11
300
5
447
1
222
14
288
111
1
12
38
18
1
2
238
40
129
449
49
820
294
3
1
853
1
94
56
3
55
22
471
70
24
2
1
258
2
3
21
1
3
4
3
4
5
217
4
179
56
1
4
1
3
8
2
7
221
1
29
759
204
5
14
12
574
27
2
559
53
208
3
2
784
1
2
1
18
168
103
232
5
978
87
1
432
60
1
90
8
13
17
77
125
170
37
322
346
94
1
33
287
1
88
80
1
36
15
3
7
2
687
1000
1
632
1
20
4
139
534
19
2
43
2
1
8
7
148
51
3
88
8
80
37
212
124
70
22
2
6
132
32
16
27
246
814
4
23
10
76
17
1
175
208
111
79
43
18
22
120
6
498
1
232
724
71
6
3
377
971
19
2
330
160
1
6
444
105
14
7
113
5
2
1
48
2
998
60
122
1
84
1
96
1
62
13
70
54
14
1
4
4
7
8
203
5
354
10
1
1
74
5
35
399
18
5
61
2
10
4
1
105
140
717
12
688
132
2
9
11
11
107
30
11
3
5
58
930
8
14
731
303
5
1
1
254
73
94
3
18
15
11
4
160
230
29
1
9
8
1
188
126
259
3
191
1
6
604
33
2
330
22
136
13
1
795
16
1
6
287
631
23
13
207
1
156
8
3
10
37
768
212
74
175
12
352
135
8
637
5
1
1
92
371
156
15
450
2
7
2
103
177
1
1
3
38
7
458
1
891
29
524
24
107
872
981
2
2
16
263
326
1
1
15
12
1
14
50
58
327
36
156
78
1
34
490
191
8
28
7
472
15
1
2
16
161
25
29
251
14
297
45
663
80
221
5
3
3
84
4
72
24
2
15
177
4
35
65
30
6
3
3
4
24
227
1
184
920
53
15
6
306
346
99
5
32
1
1
2
5
816
29
882
90
466
52
20
1
2
7
20
3
3
1
1
50
2
2
1
309
521
80
721
68
1
1
1
10
4
2
29
20
8
23
64
12
992
304
1
75
25
85
8
210
1
2
751
18
165
615
95
15
3
18
3
4
54
252
963
530
196
81
11
1
12
922
2
920
1
3
37
1
29
569
1
535
6
10
2
1
2
1
1
1
599
40
5
1
92
284
1
30
223
133
54
461
148
1
8
5
286
1
4
4
5
67
299
5
808
488
348
84
412
11
572
91
5
1
11
1
152
207
1
6
135
274
5
3
1
1
587
37
231
9
149
416
10
58
207
62
407
17
28
525
11
1
1
142
7
7
73
2
510
242
722
679
267
22
155
2
1
17
25
187
2
410
11
66
8
393
58
6
63
6
8
1
193
320
203
3
334
283
460
2
2
7
27
3
694
435
544
119
5
1
1
2
5
56
1
73
9
31
199
9
76
4
178
202
16
6
34
24
35
1
328
497
1
240
255
49
1
10
257
148
982
52
3
11
67
2
11
17
4
1
147
1
5
1
117
1
96
169
415
4
1
2
1
4
22
237
1
9
1
3
757
277
5
4
5
259
77
1
1
1
3
9
1
287
8
653
1
53
3
6
1
1
2
12
6
787
1
5
33
619
5
1
4
255
2
292
330
10
1
265
72
1
25
8
16
26
95
141
1
2
685
87
147
2
86
6
7
1
79
4
12
99
30
1
26
42
1
18
46
199
6
28
1
8
248
33
1
3
749
52
506
565
4
1
78
49
102
894
64
515
2
47
738
225
352
936
3
995
323
1
53
3
751
5
437
101
11
245
8
175
4
611
35
953
69
2
29
3
39
9
48
29
9
17
1
642
17
101
108
30
89
122
476
79
9
985
77
58
272
466
72
693
39
9
10
46
1
192
46
231
7
35
7
2
1
7
65
1
1
40
45
10
662
6
373
12
1
160
61
906
31
842
11
434
91
10
1
20
17
112
1
11
212
3
52
3
2
487
1
7
10
586
32
957
2
31
1
2
46
6
408
12
17
30
43
1
66
2
57
311
40
175
163
70
46
25
898
2
195
491
649
3
21
1
581
33
24
275
2
326
315
33
39
4
28
5
1
1
14
3
341
1
296
2
4
23
785
506
405
23
1
190
10
481
1
41
59
2
4
212
105
9
328
20
40
690
83
46
907
1
2
1
991
41
1
223
655
65
1
31
103
38
7
8
1
23
364
70
5
1
76
259
733
2
1
19
6
166
5
270
162
13
522
2
1
26
268
194
56
11
6
13
3
4
598
44
478
87
170
125
1
1
1
61
264
60
153
419
7
3
14
895
6
681
2
3
25
3
673
364
53
14
11
374
18
162
3
14
123
3
238
31
138
76
146
31
55
1
17
65
5
3
24
10
5
665
3
39
2
713
7
9
49
15
1
59
240
28
63
124
70
6
203
97
3
9
101
1
16
1
1
150
13
1
2
436
20
16
3
1
3
1
2
2
8
9
10
24
9
272
1
1
1
20
4
79
534
150
152
1
547
7
6
657
582
28
47
119
69
19
18
51
2
1
122
101
1
24
54
11
26
13
23
4
268
26
3
46
12
22
58
1
64
1
2
2
906
6
67
34
1
5
1
105
42
1
9
64
2
3
5
55
31
38
1
1
344
6
6
13
905
227
6
33
1
52
27
695
3
271
29
259
494
67
243
1
1
732
38
373
57
6
178
5
1
1
917
95
716
92
28
145
422
28
54
252
358
103
2
878
918
1
9
505
859
7
464
615
1
2
160
4
363
3
11
49
12
8
37
185
48
20
4
130
25
127
113
1
71
6
27
2
1
113
134
1
9
9
197
16
25
302
62
17
1
87
45
3
1
1
60
439
6
101
1
320
12
46
15
291
340
1
92
9
4
85
37
10
452
20
5
1
50
16
2
308
549
24
1
203
15
11
1
96
1
48
6
119
12
328
1
26
8
80
5
128
10
206
50
3
124
21
1
174
1
13
73
1
43
122
42
10
11
1
1
346
943
2
818
7
784
8
233
2
10
1
1
240
89
308
5
4
195
13
222
32
140
87
2
265
1
614
2
1
630
6
19
16
9
852
3
7
11
177
4
117
2
67
8
46
1
4
6
84
7
2
42
191
4
3
114
2
13
29
261
16
790
1
3
715
121
22
90
6
587
310
14
1
305
123
7
147
27
73
885
1
64
324
87
39
12
29
105
1
99
1
3
19
4
6
2
2
480
2
20
89
87
231
153
529
467
6
65
363
1
30
9
606
128
3
1
227
16
267
797
99
184
5
870
157
3
1
367
100
519
62
57
5
1
93
1
8
37
5
1
1
10
100
23
4
18
6
5
880
1
25
133
101
151
3
1
442
8
50
509
85
2
95
32
8
62
62
3
104
1
931
534
1
85
68
323
85
37
325
31
11
11
548
715
97
138
26
15
1
6
137
7
1
8
293
24
2
24
1
8
10
187
249
51
6
1
219
1
501
43
34
612
122
45
33
5
50
5
19
1
53
8
32
1
704
77
1
10
33
1
4
292
7
33
8
8
1
3
865
115
9
1
427
1
75
22
33
4
3
7
721
171
28
25
332
146
5
50
3
2
35
62
12
44
33
275
503
15
19
42
90
108
5
607
40
2
3
63
454
164
5
1
10
6
252
35
21
277
65
26
8
63
343
10
44
4
1
844
6
503
262
745
6
94
170
4
32
56
186
2
26
2
922
2
705
617
5
209
140
1
22
18
719
1
102
4
234
1
2
1
250
108
1
2
2
518
70
14
16
1
356
34
1
57
12
6
54
35
7
3
10
937
2
56
18
9
80
4
1
3
1
2
11
61
14
1
711
83
2
11
87
149
587
913
55
20
1
80
6
1
2
156
1
233
51
2
163
257
4
5
22
931
1
1
124
1
535
229
13
36
44
3
6
362
65
2
119
372
244
5
40
3
1
108
353
42
32
616
1
66
14
14
1
347
929
1
91
17
62
431
3
1
4
441
6
1
1
30
1
145
7
58
2
25
458
33
163
125
266
1
542
8
2
1
39
1
4
573
165
8
521
1
59
3
214
4
1
138
613
690
39
12
544
111
44
14
327
778
9
33
635
461
18
1
7
489
465
1
222
176
456
214
1
17
1
7
53
3
6
12
2
41
33
7
24
382
47
660
4
1
9
527
48
1
269
19
11
2
144
4
1
108
2
5
344
733
66
2
335
81
1
1
111
19
613
819
68
384
35
280
678
54
1
407
2
4
1
2
181
145
360
1
3
178
1
4
7
239
3
417
23
2
156
8
50
1
537
6
2
1
61
800
2
11
90
1
882
30
217
307
112
1
14
8
1
126
1
187
179
5
3
142
353
1
103
25
80
1
6
3
93
1
831
23
19
1
10
263
205
2
878
1
3
7
6
723
526
721
350
1
31
2
6
102
88
560
39
51
1
771
12
209
607
242
217
71
11
871
1
1
237
868
2
5
33
15
13
48
1
3
312
3
3
8
305
1
20
1
9
251
772
1
1
335
9
2
2
121
45
38
223
2
376
67
1
260
7
1
10
9
8
3
481
5
590
486
6
610
1
1
36
236
10
610
3
184
5
284
1
3
17
120
834
106
194
3
5
38
507
66
1
113
50
60
6
2
6
433
1
6
1
10
756
586
257
1
33
24
1
1
42
122
34
2
2
1
146
2
8
42
228
13
1
287
24
147
3
21
182
7
317
250
15
2
402
4
1
1
90
40
5
4
1
5
1
116
95
43
608
12
2
1
5
1
47
285
1
784
3
99
10
65
24
1
240
16
7
115
904
12
159
1
4
57
1
2
6
5
19
18
134
4
15
552
215
579
12
2
12
3
225
92
41
10
579
1
16
6
67
3
29
568
926
172
26
374
446
12
10
27
164
30
153
2
5
11
4
10
98
49
1
4
209
55
928
6
1
23
684
13
21
1
2
77
51
1
78
7
3
4
15
20
4
27
441
14
103
483
6
5
30
960
144
3
1
103
1
60
3
241
612
20
2
95
23
44
23
569
241
5
206
91
802
4
4
17
4
10
139
22
136
12
511
742
7
226
1
24
9
97
2
133
7
290
28
5
1
186
88
447
2
327
230
74
5
254
1
17
28
786
170
92
1
15
1
85
58
3
56
12
11
38
43
1
23
9
14
6
491
13
41
244
70
1
1
6
1
73
503
10
11
15
4
33
4
3
249
232
81
1
743
32
126
12
916
220
5
1
20
6
20
10
1
5
184
485
9
12
39
52
33
1
3
789
894
15
13
105
5
1
313
1
45
356
122
62
571
6
536
14
258
3
929
1
289
46
275
791
322
39
51
73
1
2
41
8
67
99
909
11
16
8
35
29
1
4
598
200
3
1
522
6
913
524
44
1
1
63
6
2
76
3
137
854
4
810
9
1
6
94
658
168
200
8
719
21
814
652
3
24
22
38
7
5
349
55
392
397
652
69
68
181
26
1
1
30
190
4
419
51
1
7
48
11
51
1
39
151
31
13
10
121
36
219
1
88
1
30
143
6
1
4
13
11
13
408
1
3
23
1
280
7
715
179
25
150
19
201
181
1
996
37
691
804
10
78
6
2
9
194
7
5
22
312
1
112
17
180
753
1
28
2
2
1
2
284
50
1
569
2
155
12
1
12
2
196
25
14
452
45
11
3
17
4
127
5
174
25
7
268
54
37
2
467
798
5
329
5
26
9
302
87
375
4
593
2
13
82
642
512
92
1
21
18
45
12
9
18
12
54
33
3
51
3
13
1
320
24
2
20
2
140
359
62
153
51
2
665
13
50
2
11
1
1
1
1
559
9
3
1
5
6
39
38
47
10
7
21
196
128
275
471
1
16
193
71
81
695
14
622
1
8
1
343
39
45
50
2
100
737
1
171
14
16
69
1
28
4
1
6
39
1
302
103
4
21
595
886
12
5
1
28
42
754
1
58
80
1
1
14
2
35
596
14
1
6
20
11
367
335
3
39
561
195
39
26
2
30
22
2
5
16
198
1
142
203
2
1
155
12
1
186
2
32
94
51
823
1
592
65
43
227
20
1
1
872
15
97
304
5
52
124
52
30
3
170
125
17
2
1
7
303
703
19
589
9
72
10
14
3
2
776
7
2
756
37
8
5
100
27
1
7
2
10
960
202
185
157
2
17
328
1
2
4
62
408
359
19
289
14
54
9
82
78
497
16
13
25
130
848
1
1
7
60
1
1
285
88
62
1
12
1
1
10
10
2
1
4
28
55
5
98
286
723
1
562
1
1
2
3
1
43
155
6
22
372
7
36
197
4
1
418
126
41
9
445
13
16
19
3
3
365
1
19
505
566
304
2
186
753
29
1
2
1
16
22
1
11
25
2
889
12
272
2
3
1
391
1
393
4
1
674
7
1
8
1
1
496
1
3
5
16
4
664
6
81
20
770
3
195
24
672
2
52
267
18
60
8
949
984
39
83
36
92
185
1
5
6
36
205
25
40
1
16
18
1
81
18
418
1
539
81
2
2
1
233
1
138
515
298
957
4
3
7
1
75
3
1
27
10
92
3
633
188
4
3
2
214
15
18
6
16
26
7
691
3
21
411
18
451
7
3
15
113
1
56
226
3
22
561
1
1
2
8
8
6
8
1
63
1
68
6
21
3
12
5
83
1
13
34
30
77
1
2
273
78
2
5
3
1
583
90
141
46
316
725
1
549
4
45
2
551
1
384
2
4
44
1
1
18
53
1
3
16
4
9
598
20
60
9
17
189
3
2
811
21
9
1
23
16
7
28
1
23
208
3
65
23
1
1
353
536
471
41
3
26
16
2
974
7
8
5
57
707
37
2
7
50
36
22
52
2
22
1
2
110
864
6
1
1
11
4
1
7
13
17
343
1
61
766
2
176
1
2
114
35
1
36
27
7
12
7
1
28
739
303
2
2
1
115
723
23
4
1
30
5
6
1
3
9
438
31
512
1
1
54
124
648
146
1
7
622
126
507
437
18
30
105
7
49
9
1
20
55
425
1
1
3
199
7
255
484
73
19
900
824
8
505
469
24
1
18
1
6
1
10
174
602
14
28
63
214
294
28
10
21
5
1
20
7
155
6
1
3
3
15
1
1
126
1
2
334
230
2
56
697
13
2
24
217
55
1
365
4
96
567
793
8
106
71
61
7
13
292
21
2
9
7
11
102
1
31
100
26
21
198
3
283
1
118
1
15
32
3
2
91
59
566
4
170
6
60
4
1
1
33
15
107
2
1
875
8
63
3
1
10
11
10
244
2
200
4
1
2
22
222
751
5
1
5
1
23
382
1
2
351
24
791
4
68
9
6
3
427
1
3
174
20
1
739
7
127
13
3
15
1
112
630
650
5
416
3
1
3
989
10
1
14
565
3
13
1
202
125
157
164
1
2
85
143
2
51
731
305
1
4
1
2
1
142
57
3
3
14
1
239
702
2
26
555
50
64
330
2
7
5
378
40
1
2
11
11
73
1
2
1
8
259
1
71
35
14
120
18
8
33
11
53
1
78
4
98
11
16
1
166
1
888
3
2
2
4
219
694
1
1
1
176
963
19
413
436
14
32
8
286
10
55
71
478
4
13
14
4
4
37
1
5
4
23
1
822
8
275
333
43
57
7
2
41
74
849
30
241
378
41
9
98
32
50
392
174
976
10
89
182
569
1
1
556
20
18
735
14
641
44
504
2
3
405
68
66
1
147
14
20
545
16
34
348
893
32
23
18
67
6
93
650
5
104
301
24
2
9
5
12
8
41
6
172
46
477
1
133
2
1
34
217
2
4
3
4
2
1
100
89
182
446
350
47
817
116
103
7
3
223
22
5
7
8
46
2
9
298
8
5
41
483
1
276
13
1
24
152
734
405
44
1
10
12
73
69
2
7
84
42
14
627
669
115
18
222
41
3
4
49
274
169
20
37
5
177
27
567
25
5
552
2
1
339
8
1
3
5
87
112
110
88
3
132
31
22
29
314
87
104
1
11
484
63
668
835
6
172
1
7
54
708
5
465
1
143
2
42
80
748
2
18
15
57
41
21
1
395
3
730
1
12
100
1
20
236
118
15
8
105
268
6
18
208
425
1
521
28
267
56
2
3
59
21
4
2
113
39
76
5
6
649
110
81
6
923
1
256
743
59
70
147
1
79
2
5
2
48
283
4
30
220
21
50
987
4
6
13
1
3
937
204
578
1
9
1
944
245
444
33
266
3
400
195
145
11
159
1
3
1
1
550
1
4
3
84
3
20
6
887
18
105
4
65
2
23
56
2
1
293
2
995
44
51
10
241
28
588
2
5
377
20
25
352
1
55
53
1
2
2
757
659
1
7
524
3
95
12
230
1
294
13
1
6
115
24
1
266
32
278
13
12
584
4
7
13
4
1
19
2
34
279
47
3
2
12
1
1000
4
725
135
14
454
2
1
1
16
758
2
2
243
13
1
3
898
492
2
411
1
2
35
52
1
16
37
17
152
1
744
1
2
1
15
179
3
6
21
4
87
66
2
17
4
128
21
1
84
76
6
2
92
2
2
8
70
4
2
2
676
136
223
1
11
207
98
19
6
403
2
1
49
73
10
307
1
1
25
11
17
38
169
13
12
1
33
186
1
191
716
11
1
47
3
19
2
13
209
923
9
22
1
49
1
743
7
892
914
2
21
779
2
1
1
52
720
1
7
570
42
2
13
6
345
588
19
412
96
38
139
81
143
4
111
106
103
5
2
1
883
14
437
5
141
13
11
42
14
2
426
374
211
738
450
60
55
107
4
389
27
7
584
1
589
6
2
95
23
12
2
37
138
94
3
2
645
2
12
1
1
387
1
216
392
118
1
3
3
5
23
165
13
1
9
515
6
1
5
3
4
34
578
135
601
3
792
440
176
983
166
3
185
61
29
35
164
79
67
17
783
746
47
645
6
2
854
146
40
3
205
1
1
2
166
11
732
4
709
573
1
1
501
64
1
3
26
357
2
593
3
774
810
98
187
487
20
171
26
467
3
1
266
568
2
248
1
1
64
1
69
1
189
333
807
5
169
27
18
168
12
11
37
24
1
2
235
49
3
26
28
4
11
33
59
1
975
3
858
1
4
59
162
13
12
1
43
1
1
77
136
6
33
16
4
2
14
216
2
1
388
6
45
256
5
406
109
277
23
702
2
576
3
19
16
328
469
13
55
5
3
635
3
24
31
1
8
12
129
1
7
34
508
3
63
21
36
28
3
5
2
1
11
11
96
3
126
99
219
52
6
284
49
6
31
1
2
30
113
253
2
207
86
18
285
77
115
480
2
652
146
11
3
134
2
675
23
452
48
737
8
47
3
3
75
1
76
5
66
70
640
553
134
23
198
10
35
433
669
1
1
26
22
201
1
1
339
728
12
725
876
1
994
44
135
55
39
19
4
1
2
2
129
211
1
211
255
67
2
3
500
532
604
1
199
1
74
1
383
1
103
2
196
677
2
74
298
1
7
45
64
139
15
1
11
25
1
31
1
35
1
1
29
50
289
30
144
121
77
47
210
17
1
9
321
110
206
207
448
670
455
2
4
71
12
427
2
684
9
3
116
11
90
86
15
87
4
766
115
91
253
14
1
1
69
455
1
2
6
13
117
380
14
99
282
14
26
3
973
375
18
21
317
21
36
5
104
1
794
390
50
1
12
1
63
1
7
5
489
31
207
46
7
1
2
122
1
639
9
1
106
1
80
1
2
490
18
696
24
1
362
1
42
285
2
197
4
336
15
20
293
225
255
1
3
1
2
210
23
102
14
481
2
5
1
4
26
3
15
354
82
121
267
228
366
1
34
176
2
16
158
27
55
31
95
386
3
4
327
79
53
194
975
5
5
218
16
16
38
1
1
620
1
440
1
5
13
138
1
291
4
17
1
3
8
826
6
1
6
391
88
3
2
1
474
46
180
9
2
35
28
11
23
13
197
89
17
134
1
41
1
941
682
44
16
533
67
374
34
2
1
27
14
320
12
3
79
683
11
22
42
606
509
121
52
12
97
2
2
110
8
2
31
2
1
4
174
382
332
141
3
58
2
888
11
68
1
917
63
13
4
92
13
57
356
891
6
3
1
6
5
231
956
839
92
16
1
689
2
1
9
19
10
5
195
2
1
813
1
14
57
149
52
15
26
329
1
601
1
1
7
36
8
5
312
5
2
6
21
45
787
161
15
287
10
27
34
11
2
27
210
206
342
22
192
999
3
1
35
24
119
313
45
25
13
1
1
27
1
22
6
969
3
387
3
1
3
1
1
316
454
383
60
7
12
4
3
15
1
4
29
1
19
251
16
193
7
5
61
1
5
808
3
284
14
98
3
42
347
433
160
265
887
3
30
136
40
4
3
2
78
1
3
2
947
145
28
8
25
2
44
835
12
11
147
1
4
56
19
221
3
1
2
32
55
90
1
2
12
1
9
218
1
235
2
4
204
2
911
15
417
7
1
2
1
17
200
1
3
7
6
40
36
83
1
1
8
1
4
71
272
6
8
671
68
249
160
38
15
34
130
29
420
927
47
8
21
560
301
2
8
284
50
19
167
2
4
7
27
111
713
35
119
3
4
9
9
11
3
30
161
37
3
119
13
34
62
1
5
246
216
1
64
3
130
18
5
9
462
132
5
2
73
966
4
9
194
13
51
68
3
1
4
159
43
20
837
1
5
18
756
48
10
809
6
261
81
14
36
6
248
96
23
329
8
493
1
32
883
20
1
59
2
98
2
1
49
148
3
538
604
53
2
1
38
10
81
1
655
54
4
254
889
32
10
72
550
315
414
635
1
184
466
67
30
95
1
25
32
6
293
651
1
1
1
83
1
47
1
11
1
252
37
605
878
38
2
202
13
6
37
35
99
1
8
3
1
1
103
84
1
5
301
266
30
4
1
16
144
158
51
513
502
350
821
12
32
12
70
3
11
926
49
56
385
11
6
31
1
2
30
90
1
176
73
6
38
27
5
4
5
14
4
1
6
6
788
78
43
9
41
768
472
1
2
20
224
4
3
122
7
1
199
1
704
5
1
1
59
81
670
624
44
1
32
530
195
1
1
796
1
126
121
4
29
121
20
64
2
385
10
581
43
28
21
7
47
2
4
36
10
196
1
984
9
21
3
518
185
3
3
141
247
355
4
110
6
401
45
147
218
167
857
99
2
207
653
42
4
7
33
27
43
3
1
50
1
1
42
1
457
516
562
117
7
728
11
7
1
382
154
1
308
19
1
1
64
8
5
121
147
205
243
1
18
7
11
1
451
438
4
40
148
306
68
11
37
4
319
3
573
169
62
22
15
7
302
38
8
166
1
290
72
1
687
16
1
3
11
355
82
1
179
1
5
150
7
4
111
288
769
13
1
7
36
20
286
121
1
1
240
58
96
330
4
4
28
8
77
32
1
480
30
324
76
3
389
747
1
209
7
157
610
173
241
5
760
14
234
329
342
4
3
1
321
74
7
6
2
14
19
129
9
9
180
29
115
1
35
31
137
111
2
772
387
484
838
1
3
249
216
10
1
118
1
22
1
2
238
6
1
4
970
1
3
2
272
511
28
3
1
14
2
1
71
124
109
870
520
5
5
1
4
77
20
6
68
1
5
148
36
35
12
27
118
355
291
122
1
301
2
285
994
217
17
364
90
332
113
118
3
11
183
914
414
713
1
2
2
6
2
316
5
390
56
981
1
21
91
3
15
17
1
10
16
12
1
1
689
6
2
2
325
364
58
21
59
216
14
1
23
14
6
102
2
554
37
24
44
2
56
1
3
33
851
1
240
25
1
130
5
35
1
62
17
181
6
12
2
8
117
953
3
8
10
2
26
254
1
6
143
5
2
3
29
11
359
464
8
42
708
23
21
27
2
163
43
62
1
837
34
16
11
2
92
756
9
186
1
1
1
57
10
3
32
856
13
31
144
351
4
16
238
25
1
571
2
4
100
578
106
1
143
56
7
8
2
21
578
13
1
1
50
732
169
439
438
25
98
1
32
1
324
3
13
29
137
890
301
4
10
71
7
79
55
2
1
37
61
2
24
585
90
24
1
304
149
6
65
38
16
643
1
1
6
26
2
20
17
224
33
5
3
26
182
676
296
960
583
11
2
48
81
58
5
98
49
90
47
1
1
3
21
20
90
136
5
537
110
120
524
1
224
125
89
48
2
1
2
353
2
27
15
13
49
7
1
2
4
153
8
128
8
456
3
544
42
1
29
5
27
465
1
5
6
7
699
659
488
4
7
10
5
11
3
7
1
2
43
48
1
3
29
77
39
691
12
37
59
57
7
40
8
479
341
8
7
4
3
1
2
8
8
28
123
18
51
2
12
11
1
2
234
1
712
826
74
51
28
68
44
3
925
245
20
479
17
8
245
79
147
266
1
80
391
964
1
30
7
5
157
437
550
2
8
4
1
80
4
16
3
42
565
208
53
3
902
30
650
453
2
3
47
1
1
3
809
5
546
49
202
26
2
177
2
5
1
26
20
73
9
975
1
1
3
1
13
233
203
5
712
1
235
8
564
344
5
1
10
25
540
33
187
10
94
2
8
3
6
696
416
13
32
129
1
107
70
742
961
5
2
817
1
103
58
560
122
31
17
67
855
245
25
605
9
1
74
34
65
1
532
1
5
2
42
99
28
52
33
2
2
81
698
415
18
6
5
9
1
168
262
100
52
1
189
1
16
572
292
366
82
242
13
1
13
28
8
580
15
2
10
17
2
3
13
1
37
18
1
4
21
10
1
1
139
1
648
9
63
89
63
1
43
370
213
3
12
1
9
46
591
66
31
2
2
3
4
130
1
59
16
273
25
181
2
31
26
108
2
3
884
4
14
1
4
356
3
83
19
15
24
315
333
9
1
1
335
793
10
3
1
3
51
473
14
24
1
551
26
1
62
186
24
1
1
879
1
30
17
305
359
125
3
243
3
1
4
1
4
2
7
2
31
2
13
35
9
28
98
6
45
3
634
3
17
970
4
1
7
9
18
336
1
2
3
2
131
247
29
18
71
21
1
394
994
2
36
1
70
61
6
2
52
43
347
896
137
140
423
12
1
2
1
1
331
1
1
585
2
193
11
120
4
706
60
551
321
1
5
4
227
1
412
2
212
104
4
73
4
851
9
99
692
6
381
4
1
4
87
17
2
38
4
1
4
519
976
1
130
3
55
13
1
12
61
98
11
24
1
14
328
32
16
29
68
15
2
118
7
1
1
431
16
828
2
563
5
883
5
407
403
58
2
7
2
15
42
2
9
1
1
8
6
10
3
11
2
386
1
15
1
34
1
547
211
38
158
112
1
542
36
3
72
3
1
41
690
7
238
118
4
14
152
1
23
1
2
1
46
57
145
55
13
2
423
10
12
9
33
1
10
2
2
42
251
3
110
1
5
2
543
6
14
15
302
224
24
947
3
1
804
1
1
390
1
13
13
31
8
3
2
881
28
1
669
21
5
210
29
2
7
3
1
128
396
51
41
48
1
1
3
482
465
4
25
277
7
299
1
50
10
12
12
85
463
80
14
6
1
6
4
5
20
280
1
2
65
16
4
1
4
5
382
379
3
666
171
155
2
3
8
6
996
50
944
2
7
140
1
53
48
8
225
477
116
2
4
32
51
174
547
24
1
15
52
1
19
4
7
7
151
45
15
13
190
18
21
15
1
548
346
283
1
743
412
373
206
2
10
2
78
620
5
2
3
7
137
42
6
69
5
460
238
485
205
961
2
77
35
3
199
146
5
20
1
68
2
815
9
1
897
398
12
562
712
6
6
5
1
21
1
6
11
3
1
2
4
1
717
534
19
9
1
9
1
1
404
48
2
149
13
8
2
2
2
44
1
3
19
55
934
25
9
3
4
15
10
74
3
162
125
10
23
786
17
53
25
674
2
411
86
1
3
128
927
47
10
12
3
3
1
1
1
677
60
20
17
9
11
3
113
16
34
79
1
7
414
27
143
1
372
1
74
50
5
459
2
130
69
9
1
3
668
19
14
253
163
3
47
1
25
1
29
6
47
487
135
5
135
2
2
397
2
230
25
278
9
114
8
1
5
1
2
38
17
2
5
238
24
1
1
7
2
371
1
28
72
370
120
14
50
11
1
361
114
2
280
475
132
7
834
21
1
33
325
1
77
314
3
485
4
4
384
4
78
869
1
514
63
168
2
136
63
1
1
46
1
3
66
1
71
2
468
2
326
702
2
339
4
2
54
129
46
192
1
21
502
40
301
117
21
11
546
9
439
755
6
5
30
333
2
2
16
563
11
21
940
1
208
97
51
30
13
15
4
1
75
66
9
86
553
9
4
327
11
6
27
714
266
11
66
18
6
2
1
204
7
110
2
4
11
261
1
187
504
4
40
2
140
25
21
52
572
2
2
61
3
2
73
14
5
49
1
242
40
12
1
93
9
2
63
2
21
105
117
420
16
39
2
1
32
1
5
818
4
3
453
114
33
131
153
195
17
12
44
178
1
1
68
4
125
26
46
180
29
59
17
1
168
3
201
1
554
1
486
2
265
187
8
2
11
496
1
2
2
2
3
63
14
173
129
124
28
401
877
3
8
11
3
3
8
173
859
43
7
10
385
306
840
13
13
15
14
4
110
642
72
367
431
1
27
67
15
3
370
294
1
8
4
20
407
122
3
752
4
47
30
223
259
3
1
604
157
22
3
708
229
6
16
655
55
1
224
12
2
12
13
2
1
2
29
7
1
1
32
1
10
2
431
220
12
94
405
198
78
24
49
626
32
546
99
19
26
469
295
184
274
12
306
15
735
27
730
628
115
74
41
139
127
752
226
619
194
1
2
140
377
1
10
462
117
2
5
3
2
21
208
850
180
48
1
979
18
12
27
10
13
48
36
56
2
48
22
2
242
28
19
12
161
28
23
1
53
384
13
219
170
2
2
3
58
4
8
49
558
268
48
41
19
27
48
25
52
226
762
3
2
29
1
1
17
199
468
127
104
655
1
19
19
143
7
22
3
97
3
11
729
15
2
168
14
16
523
16
282
3
24
2
8
546
4
33
55
1
576
4
9
591
1
7
915
228
63
59
15
93
2
11
298
814
6
334
2
2
8
76
49
980
1
706
157
1
2
42
96
4
1
1
69
48
153
135
2
29
1
4
1
174
272
2
394
30
130
1
18
2
1
256
50
3
1
794
2
7
3
2
3
26
196
129
5
33
442
29
361
8
1
1
183
3
3
98
410
2
236
54
18
15
192
1
11
356
1
9
24
154
1
136
147
3
12
1
6
239
71
3
25
8
338
8
10
34
43
187
13
59
868
9
3
85
519
8
822
2
234
314
325
10
7
20
2
91
1
3
163
10
44
8
3
167
3
205
3
1
3
9
135
1
79
17
57
1
19
71
388
9
42
337
1
3
78
2
45
1
11
3
106
1
922
16
6
371
2
227
705
1
17
638
479
9
5
11
3
289
1
2
72
6
212
1
2
1
368
12
230
1
703
1
7
1
6
56
1
4
20
4
19
20
451
386
49
165
27
45
24
295
817
200
144
908
28
394
17
411
1
21
20
1
805
8
1
3
3
84
27
1
89
56
2
138
5
1
3
7
5
1
1
1
777
50
191
145
26
60
22
1
2
43
4
1
6
585
114
1
11
1
507
7
1
618
466
1
16
507
2
419
4
461
1
13
114
88
1
9
180
15
417
35
97
248
1
53
5
55
101
22
373
26
1
3
7
44
12
10
15
29
6
611
13
609
120
14
433
465
180
9
105
5
1
112
39
135
4
34
7
83
957
8
987
19
609
4
1
6
21
4
16
364
175
2
59
200
273
2
5
1
755
94
100
662
146
52
71
8
2
1
226
25
3
7
1
539
41
39
9
1
973
97
3
469
16
49
35
130
687
1
49
4
4
2
4
180
36
29
176
15
584
217
45
6
1
3
24
78
959
281
81
106
12
7
52
49
16
2
303
974
4
255
2
239
3
10
31
14
486
8
163
9
4
422
2
2
2
372
2
7
4
34
1
1
2
1
894
6
13
2
315
3
26
1
1
796
13
3
176
21
2
2
310
338
72
181
19
256
847
4
4
90
25
9
3
31
16
22
165
365
468
28
34
146
23
1
861
317
225
755
25
37
4
833
1
1
1
7
362
3
96
15
399
2
611
710
76
12
3
100
397
244
93
86
812
1
1
1
1
12
123
2
226
5
654
945
24
249
3
618
33
3
7
40
337
1
1
46
10
2
21
816
22
2
169
1
3
233
1
10
746
2
2
31
1
13
74
349
17
7
269
35
51
10
27
23
295
1
235
3
84
216
86
26
616
217
13
1
23
4
36
89
49
899
1
19
1
2
1
734
15
5
827
2
231
1
2
10
1
1
264
557
50
1
74
60
15
141
107
1
545
150
1
3
27
2
35
566
2
9
869
538
1
1
15
6
677
17
114
215
8
2
568
14
777
25
21
1
3
4
602
2
4
2
821
22
25
280
6
2
1
2
3
39
8
5
698
1
196
6
272
7
309
10
1
3
21
521
32
2
10
8
673
9
4
5
230
178
156
6
10
245
113
895
625
80
670
1
24
4
1
314
4
3
182
3
25
35
59
163
3
77
482
5
152
1
10
237
93
1
183
3
23
1
64
161
213
681
1
75
17
939
358
20
57
48
1
119
199
266
117
523
23
22
7
39
9
3
56
15
911
997
5
51
14
9
31
12
6
4
2
3
1
1
3
445
401
9
18
1
74
782
22
2
7
64
97
260
198
3
68
11
32
415
3
232
2
2
38
37
70
12
113
27
48
42
313
152
6
6
55
1
2
27
2
360
4
267
44
23
223
124
778
286
3
7
36
189
34
6
206
2
20
12
30
1
20
362
263
576
26
76
40
5
665
43
8
17
22
307
401
1
170
475
8
488
229
23
5
376
25
2
14
742
323
205
317
2
59
2
5
73
1
13
857
680
331
1
10
152
90
3
142
21
9
464
20
1
89
3
1
8
391
840
4
27
8
12
126
64
511
636
202
2
28
4
395
661
13
207
730
873
316
1
477
1
278
9
31
286
1
3
19
70
124
34
19
7
10
17
42
105
3
6
326
25
64
5
56
1
843
6
5
255
25
5
134
427
2
189
23
9
1
6
75
2
135
4
807
65
8
21
4
12
1
1
1
277
1
410
149
106
495
28
98
1
338
39
654
159
4
73
1
185
24
59
7
938
38
606
159
2
18
874
101
50
354
5
1
335
18
1
140
266
19
105
312
253
1
34
340
3
1
408
27
106
15
3
79
990
47
588
5
119
1
408
8
481
86
25
9
344
3
3
13
22
222
158
3
149
6
580
186
164
606
91
2
7
16
1
555
958
15
2
897
1
253
1
151
9
53
5
22
