105
388
523
30
17
106
4
23
1
16
131
1
1
8
59
5
377
4
12
1
4
179
13
1
14
37
152
61
14
306
120
4
65
1
221
923
80
5
1
1
35
4
1
69
843
118
4
174
12
68
19
11
501
13
4
453
92
483
36
84
2
12
2
32
2
23
220
4
10
27
482
108
1
1
268
8
307
97
80
23
10
383
4
78
9
437
2
63
1
4
313
39
125
66
155
64
42
1
844
11
774
6
22
713
799
3
1
1
32
182
67
55
99
703
11
9
6
1
17
109
166
7
370
875
171
130
74
17
11
521
354
1
16
1
199
2
2
11
431
500
224
4
37
623
174
4
1
32
5
2
66
485
4
515
154
3
1
3
1
1
1
1
94
192
16
2
114
7
1
14
4
45
7
76
27
129
6
2
3
214
4
792
403
35
3
4
36
1
1
2
167
10
122
8
13
2
13
1
2
249
88
161
41
351
5
132
209
517
35
7
25
17
8
14
2
90
317
1
92
23
484
38
13
23
3
27
2
1
125
44
7
594
235
1
64
6
242
253
6
20
1
441
1
103
15
169
11
12
9
439
9
6
16
157
290
268
694
508
3
1
437
327
140
131
25
6
7
49
861
1
4
409
9
8
3
1
1
239
1
4
40
121
601
39
92
91
21
3
68
10
1
65
2
857
1
178
435
2
2
1
166
30
2
211
12
1
9
12
6
315
645
776
7
89
5
14
121
1
447
3
6
334
5
40
7
2
1
5
47
134
50
422
800
254
8
2
8
301
6
6
38
5
5
268
47
736
2
19
1
55
7
349
15
29
1
6
5
450
426
302
180
6
139
26
38
2
17
547
4
2
31
129
2
89
1
2
1
29
6
548
358
100
27
143
5
10
145
149
382
1
38
1
36
1
146
118
9
7
118
8
219
3
25
2
953
4
1
822
4
356
10
1
3
122
103
2
107
1
4
18
6
12
841
3
3
2
17
8
1
200
2
28
838
7
83
556
756
62
68
109
674
40
1
17
783
11
33
511
2
881
1
4
1
41
9
8
21
232
630
117
2
25
43
119
491
771
1
3
2
17
528
145
1
885
2
8
882
34
168
2
1
5
409
2
8
1
18
70
504
1
74
2
105
904
54
1
1
18
3
3
81
15
7
757
32
27
2
8
28
20
12
1
1
1
15
75
672
553
10
7
290
1
1
54
7
2
2
40
2
3
627
1
648
1
26
450
789
9
1
153
225
3
159
56
168
827
2
27
1
21
1
123
27
313
1
2
169
346
9
916
263
5
480
30
464
118
75
6
3
5
66
26
497
12
4
38
35
1
170
3
2
28
3
110
104
1
23
1
4
469
5
2
12
2
865
166
110
26
810
7
76
10
2
8
9
64
12
7
9
126
6
635
241
898
1
3
21
1
26
465
1
36
734
1
8
7
1
1
855
88
1
45
626
72
1
3
4
563
24
1
217
8
1
1
1
432
13
271
343
1
688
724
380
492
98
4
355
9
52
12
5
229
411
11
449
6
3
272
270
2
7
179
123
1
3
1
147
379
28
10
3
5
2
418
8
8
48
10
13
211
46
19
1
11
3
26
3
3
13
1
1
72
46
12
4
289
14
292
2
12
28
26
582
8
237
1
866
609
55
1
7
971
13
3
1
2
1
1
6
14
2
248
2
5
1
8
12
259
5
11
26
45
4
5
87
161
577
677
511
11
4
830
5
490
3
575
23
1
10
1
9
4
1
1
3
5
53
2
1
86
2
1
22
9
234
31
1
38
4
878
2
51
6
1
344
4
2
29
2
6
7
656
371
29
193
238
43
621
144
232
26
15
92
7
1
19
27
386
4
527
115
279
137
2
2
9
10
26
272
16
238
220
72
309
814
568
50
2
2
197
2
1
7
36
1
6
2
6
1
1
1
191
207
1
316
377
10
4
1
393
30
1
1
181
46
420
129
4
10
1
1
3
26
9
3
660
2
3
879
155
1
117
44
106
5
4
766
62
71
4
2
30
74
23
5
3
33
6
2
2
1
101
682
5
245
69
127
48
69
411
31
2
12
128
2
30
3
22
3
4
16
198
88
6
2
19
200
285
40
3
40
661
76
6
85
129
44
2
26
2
20
1
263
83
44
186
44
8
1
13
2
100
244
1
1
2
15
4
288
366
39
51
19
487
535
30
3
13
362
11
2
475
5
28
4
1
41
2
5
197
243
1
837
187
836
28
3
119
8
9
1
20
86
30
542
8
8
227
10
12
192
194
680
17
12
1
70
6
52
210
606
528
1
127
6
8
362
62
215
254
2
5
1
23
81
270
522
12
54
144
761
290
8
1
2
102
328
31
1
287
32
7
807
789
67
188
13
40
531
1
4
1
95
421
35
120
4
258
133
24
84
863
44
2
4
10
11
15
44
1
4
26
12
7
15
135
118
85
387
1
5
5
433
81
844
41
733
2
1
83
33
298
164
787
275
2
399
397
19
6
509
79
3
160
2
168
194
208
773
2
518
5
647
707
96
124
2
1
1
13
18
1
417
23
520
34
2
21
93
94
61
7
30
1
3
10
4
1
750
1
291
293
67
753
7
9
8
6
346
290
5
97
5
7
176
908
260
114
557
1
162
11
29
9
85
519
4
118
1
1
106
26
28
136
330
78
27
11
578
311
94
78
213
7
261
68
24
9
377
1
72
754
18
68
476
344
3
30
50
994
218
2
26
297
803
263
164
799
36
5
6
14
13
2
16
806
35
1
10
6
1
8
495
15
828
703
3
1
259
102
145
203
110
203
96
45
97
6
31
20
381
2
114
14
183
1
130
240
5
242
184
13
310
2
2
66
4
512
7
8
90
2
65
3
34
4
182
2
737
1
19
28
12
486
103
112
165
9
520
413
414
82
6
49
14
782
1
41
740
2
15
4
58
1
1
2
2
1
1
46
554
872
243
3
37
1
97
4
27
11
19
20
10
876
9
51
131
632
19
278
1
761
3
2
3
52
321
28
5
260
633
3
6
7
6
330
21
3
657
320
1
96
1
2
17
35
10
18
1
1
8
15
14
451
78
7
1
1
277
4
5
913
34
2
697
30
146
46
15
67
20
50
63
138
836
1
321
328
3
6
21
31
138
4
72
2
5
2
691
1
11
412
123
1
280
42
1
2
8
3
6
308
1
141
11
2
7
6
222
816
534
4
607
960
25
3
2
473
55
2
5
46
137
61
111
6
989
2
127
255
64
4
26
2
886
231
1
50
11
793
8
608
126
1
15
2
4
11
6
120
253
172
8
3
4
17
120
320
63
1
3
341
779
1
308
51
13
31
6
856
701
3
10
353
19
4
619
592
53
2
43
1
5
48
3
1
16
191
2
277
1
142
332
2
4
96
1
914
11
219
1
759
1
2
85
41
9
157
466
11
204
33
233
4
412
5
24
1
7
184
7
20
524
74
44
24
117
2
14
3
1
4
1
10
2
8
4
59
23
60
295
1
4
152
696
4
58
422
324
190
924
17
2
133
135
1
178
683
190
173
135
5
438
73
129
29
521
2
335
27
387
640
1
116
2
646
11
13
1
2
22
410
163
765
20
33
457
61
106
3
1
1
194
7
706
352
13
3
464
311
2
10
177
4
100
2
877
1
320
2
13
8
2
1
1
8
226
1
413
191
754
318
3
39
1
195
43
1
24
260
78
50
1
14
57
41
1
358
41
5
942
10
375
345
86
6
106
450
29
215
34
2
1
2
6
10
30
10
1
438
93
201
1
8
350
10
18
1
190
87
2
778
50
103
1
760
2
47
1
2
31
29
867
38
160
23
333
41
269
17
788
440
533
3
13
5
9
208
25
20
840
34
5
51
1
3
50
364
2
1
8
18
3
36
115
8
205
5
397
29
171
14
3
31
20
46
427
11
4
70
44
348
1
22
39
31
1
332
7
1
53
1
78
345
1
3
3
38
28
1
23
963
7
2
1
107
1
52
4
223
1
286
12
2
3
3
447
282
14
2
403
20
1
834
5
258
48
14
25
16
533
1
252
768
865
1
144
47
108
89
38
1
7
3
20
477
1
78
41
197
1
58
107
27
139
25
920
381
5
9
1
1
684
3
6
3
56
152
4
2
1
13
2
665
32
1
93
2
249
74
3
90
30
3
2
81
404
5
8
2
114
6
8
29
628
1
9
55
1
1
753
5
111
51
242
70
99
25
5
108
32
826
4
6
11
118
4
1
1
1
49
288
530
18
2
8
3
132
8
71
1
67
9
696
38
2
1
685
57
85
712
84
2
2
3
215
4
6
15
19
1
177
77
22
631
780
35
3
678
9
692
41
700
2
4
24
1
121
2
80
138
5
98
198
203
26
474
701
4
326
1
161
42
3
13
114
233
307
28
1
116
697
60
121
1
2
432
4
21
31
742
206
33
6
21
67
125
1
392
31
19
7
179
68
5
23
1
10
4
43
88
30
529
11
17
21
149
915
2
764
3
1
417
264
12
804
24
1
83
12
1
19
621
652
1
36
329
424
20
487
51
36
7
3
97
1
55
309
61
105
4
4
6
23
416
279
286
12
127
1
3
82
688
175
12
26
25
12
5
17
28
7
271
20
1
221
8
574
718
186
126
2
526
17
4
11
1
2
27
1
49
53
6
1
1
2
999
5
57
16
97
566
16
2
522
7
43
62
12
5
289
1
1
284
8
2
2
7
4
44
13
5
154
939
1
4
208
369
1
2
202
8
27
467
31
390
7
32
1
210
157
2
76
300
10
4
157
40
231
4
4
496
724
32
4
1
13
205
5
1
18
3
951
176
55
7
53
838
6
90
1
314
2
880
2
1
115
134
3
3
1
3
22
8
784
3
535
125
11
19
5
15
15
141
18
867
194
64
20
3
129
1
17
5
375
460
33
62
2
679
9
123
7
46
19
3
18
228
2
372
514
13
53
9
98
775
35
860
3
599
3
236
54
6
17
42
250
4
16
3
16
868
170
18
329
9
10
162
18
3
15
820
301
383
1
831
31
8
502
3
1
380
220
2
1
130
427
255
1
1
73
75
171
572
2
113
1
143
26
570
74
19
18
167
46
5
499
24
75
8
663
444
419
68
152
23
954
729
16
1
569
9
2
194
1
864
7
276
48
12
7
2
15
236
3
17
173
6
35
35
18
713
3
2
364
53
944
1
1
95
1
169
100
336
14
774
792
293
446
3
1
315
24
370
512
3
70
315
22
77
324
4
124
723
10
1
5
53
12
212
715
2
20
739
3
5
10
9
27
65
37
2
225
192
27
335
1
115
2
101
2
20
9
119
9
978
3
1
2
6
3
3
10
972
109
250
51
21
1
276
19
97
43
568
386
336
1
7
5
7
136
2
59
1
7
1
33
1
29
61
12
255
251
2
758
1
1
5
4
11
52
406
2
1
1
13
232
523
15
47
52
1
1
653
2
11
1
133
3
8
11
1
10
1
14
2
47
21
49
6
660
17
88
1
94
43
4
3
56
174
426
158
38
64
47
140
633
43
35
14
59
3
72
8
109
804
503
76
34
20
18
1
1
136
182
661
365
1
228
10
1
16
265
5
778
1
240
56
30
181
65
2
721
184
20
90
1
20
1
24
3
76
6
1
497
4
7
2
7
34
6
207
3
206
2
936
90
449
40
502
7
746
4
196
16
245
28
6
8
14
115
1
16
459
26
3
1
53
2
1
239
295
2
262
443
603
460
19
16
99
3
1
47
9
149
47
35
101
13
104
349
37
4
1
2
1
148
12
1
2
7
161
8
5
1
751
1
3
539
1
15
452
108
194
1
22
1
35
115
6
162
2
310
379
13
4
130
50
270
888
436
1
529
1
19
150
2
27
3
23
21
9
126
8
44
2
164
2
82
169
82
327
547
18
149
1
236
16
22
745
237
1
10
47
184
1
558
3
9
741
66
638
461
664
126
32
5
1
156
869
4
16
273
3
19
356
6
5
477
5
1
280
550
513
6
82
906
1
5
2
17
146
22
579
42
2
12
1
3
2
4
13
104
235
1
11
4
3
583
10
13
106
555
3
2
82
695
7
18
523
20
3
6
246
15
801
1
845
11
35
11
3
2
16
9
414
91
317
10
73
54
146
275
4
210
2
1
1
180
3
772
1
1
7
24
562
7
3
29
147
3
3
1
31
11
21
5
337
193
58
16
1
142
1
163
139
79
1
21
5
462
10
5
1
645
329
25
128
1
828
480
11
2
41
15
152
9
1
1
1
129
8
1
670
10
16
419
1
46
1
771
877
1
210
98
40
1
284
12
42
5
311
120
189
2
304
8
500
1
59
14
4
88
46
156
5
534
303
2
15
225
513
489
10
2
3
68
474
6
1
55
1
4
20
355
8
1
154
356
22
173
1
7
3
1
5
274
23
4
856
273
1
22
8
8
4
28
174
2
4
97
445
1
11
240
2
3
866
11
516
20
3
1
98
4
280
7
2
4
73
1
3
209
80
130
74
3
33
985
847
378
371
472
7
48
668
371
6
1
887
105
25
2
3
770
148
89
101
18
53
573
510
18
8
3
1
4
3
186
1
193
37
250
4
1
468
1
38
181
1
1
9
1
7
355
1
105
2
2
3
265
423
13
127
3
1
766
339
5
5
369
2
488
4
34
3
109
6
56
430
2
277
10
1
206
2
5
1
481
183
2
434
341
119
705
61
3
27
2
4
51
133
4
33
8
8
177
1
428
874
7
1
4
9
14
142
5
4
49
23
3
67
1
31
57
22
65
6
164
1
1
19
2
1
24
466
7
40
168
493
12
850
3
16
200
151
1
124
10
172
131
9
2
105
150
96
988
5
16
6
1
85
127
1
1
18
235
1
33
323
97
1
36
7
1
825
40
67
794
250
1
312
33
221
8
250
30
23
29
367
172
1
1
4
1
185
1
1
46
1
7
56
2
10
55
671
9
4
7
4
18
77
372
1
188
3
280
517
609
459
175
13
1
281
7
14
104
12
1
6
220
8
61
4
153
156
6
27
719
12
34
15
29
572
193
35
1
174
95
24
720
17
475
24
5
6
1
156
303
6
841
4
15
266
5
38
5
1
236
549
65
16
662
1
1
2
708
1
1
105
4
401
2
2
1
162
690
34
70
327
400
111
310
820
2
57
3
162
7
1
185
159
72
223
1
208
180
161
552
76
2
62
58
1
59
2
74
2
57
3
37
410
2
113
1
3
102
2
11
1
173
21
16
28
16
122
178
15
319
17
3
2
9
1
2
540
19
849
175
139
1
99
2
25
7
64
40
1
1
992
74
65
262
1
967
350
141
81
1
2
40
1
13
249
94
49
27
516
62
2
1
13
3
3
976
4
54
1
36
60
150
11
14
12
548
20
7
12
46
5
8
121
453
79
1
153
619
24
120
102
1
1
38
110
47
51
36
15
279
3
358
6
4
550
5
35
167
303
198
2
76
10
1
239
9
2
224
3
1
9
44
14
781
78
968
10
37
5
2
26
42
2
109
257
2
197
77
1
91
52
7
129
292
15
2
348
3
458
33
1
218
359
230
3
59
1
5
6
1
261
45
33
2
1
68
370
1
8
910
1
3
45
1
73
2
870
15
6
2
112
2
5
883
5
1
116
717
196
2
12
318
14
643
1
5
69
544
8
1
51
10
1
12
13
1
13
1
80
3
15
2
2
19
1
1
62
958
630
33
662
5
1
467
2
945
22
453
1
3
19
1
24
1
530
1
755
496
2
430
73
45
83
383
3
52
3
30
369
1
1
1
58
1
837
182
8
8
1
10
18
423
12
3
2
3
24
7
17
1
2
124
2
868
3
2
25
9
1
19
183
1
1
9
25
1
4
28
981
2
1
241
167
7
87
186
86
977
34
269
900
20
1
6
3
3
776
30
110
6
1
38
140
2
2
392
81
1
1
2
28
19
219
46
3
3
34
398
46
79
95
24
1
2
190
244
8
2
11
415
12
5
45
90
88
104
5
6
440
23
782
3
586
10
78
10
769
5
1
73
141
11
34
940
86
13
11
99
1
1
50
44
8
3
8
2
890
2
2
1
33
95
2
173
11
17
46
117
12
75
9
3
4
2
8
827
28
267
1
1
56
49
242
367
2
38
202
581
17
1
3
2
1
26
6
6
571
2
1
41
288
829
68
46
13
138
22
4
702
9
777
110
227
7
2
55
199
551
190
27
536
12
29
92
104
34
6
460
44
2
10
21
295
833
9
831
9
334
26
101
85
4
3
5
1
67
71
4
669
883
741
11
1
5
6
116
8
394
57
90
1
556
13
38
75
10
91
346
14
6
617
4
1
27
13
1
63
3
6
395
10
6
58
57
5
23
499
756
11
337
17
40
5
3
5
30
1
1
6
362
197
82
1
21
448
72
1
178
81
185
10
18
2
481
289
3
37
125
5
10
1
23
7
233
15
78
36
1
444
1
6
4
90
23
3
620
1
29
4
20
19
79
114
443
52
378
371
256
180
608
507
86
52
9
580
642
64
7
84
1
1
373
3
1
2
476
18
4
1
332
486
14
165
236
287
8
135
938
2
204
1
413
125
89
3
4
59
352
304
5
484
246
11
13
1
50
4
52
1
745
180
69
36
14
467
793
7
13
20
4
927
2
239
155
1
7
4
8
159
397
2
1
2
16
49
213
334
482
19
432
1
40
346
368
37
374
16
14
56
4
4
559
574
1
6
5
1
515
5
2
675
60
3
6
4
3
2
18
3
2
1
39
2
501
2
13
1
119
67
15
1
2
842
732
87
368
51
71
1
88
17
1
25
1
3
2
4
4
5
1
2
2
1
1
693
13
24
3
21
181
2
1
18
832
471
1
264
2
50
1
45
94
5
6
20
4
35
2
15
2
69
9
143
436
6
1
1
72
329
99
201
39
2
959
16
104
8
57
8
174
7
1
559
176
4
216
50
14
439
1
251
7
205
389
3
6
173
1
182
40
349
86
261
909
15
12
85
89
11
9
3
106
98
128
21
1
6
1
66
4
243
10
79
12
2
16
10
9
39
2
1
234
15
7
70
87
63
8
2
229
1
39
6
58
10
222
395
70
32
231
48
11
35
19
70
67
6
18
78
354
1
433
28
1
442
52
993
1
21
266
824
14
42
14
4
655
1
39
584
1
51
611
493
8
278
171
3
15
2
1
4
285
1
19
6
561
366
8
3
25
149
1
10
2
5
8
10
934
517
3
3
600
2
82
5
2
361
27
779
31
2
212
34
775
1
83
8
182
6
6
73
1
3
7
1
857
72
711
49
4
15
106
19
8
28
1
17
13
4
5
4
2
215
1
800
286
22
49
21
186
5
56
333
5
2
65
24
1
14
23
57
29
406
325
24
89
63
276
13
1
846
5
10
145
109
85
194
1
2
23
1
266
10
316
55
39
1
54
1
99
1
22
15
147
61
2
90
74
1
44
106
163
42
52
1
60
2
2
2
5
658
67
870
202
1
57
6
34
7
2
214
1
31
997
7
12
7
4
17
18
5
3
93
1
7
2
510
2
1
293
68
1
11
141
66
4
2
7
189
6
32
1
100
10
3
43
31
200
39
79
82
42
663
83
1
36
10
26
147
850
7
730
546
1
224
70
1
66
4
2
3
202
762
1
561
1
2
41
366
2
51
604
2
7
53
373
177
91
168
9
58
293
501
1
698
93
111
1
5
647
786
593
6
3
5
2
31
9
1
1
6
1
29
206
8
11
605
1
35
73
1
25
2
184
27
152
66
265
1
595
5
7
1
109
216
57
612
131
9
107
39
1
111
3
749
63
20
3
313
222
505
1
22
1
3
531
2
23
1
3
394
1
245
3
60
181
47
4
15
292
180
376
3
84
7
53
110
232
28
704
768
22
171
21
20
1
4
4
87
421
27
6
27
624
4
92
14
21
46
45
24
306
11
102
1
714
1
14
1
726
763
212
19
331
4
2
5
667
1
2
68
22
166
5
66
127
85
669
298
2
1
747
134
256
2
360
2
3
12
43
2
249
591
11
20
348
26
1
164
113
243
78
276
409
39
65
13
2
17
470
25
18
10
5
47
348
560
2
1
899
1
59
13
61
9
51
422
354
4
179
112
3
1
1
1
141
8
4
54
54
7
149
2
69
293
1
2
859
1
5
2
85
4
175
1
3
18
32
892
292
333
3
24
368
1
9
92
274
112
41
213
38
25
17
32
15
230
33
558
19
1
1
23
46
319
9
2
983
53
78
4
83
10
4
336
13
39
2
1
2
221
4
176
19
132
59
82
13
94
1
22
5
1
44
28
6
4
570
492
45
3
5
8
1
14
1
3
1
95
15
7
716
321
191
1
1
13
357
1
982
14
98
265
6
289
2
506
104
4
141
3
7
791
64
2
2
16
3
2
77
4
3
145
13
187
87
36
16
7
6
389
2
285
12
62
907
15
240
4
31
29
744
23
37
32
46
1
2
310
1
15
305
3
47
880
1
17
1
29
42
27
1
531
650
25
3
1
227
2
890
56
116
9
199
743
4
135
5
38
35
796
37
18
9
257
1
11
860
44
23
10
16
117
147
108
407
48
858
1
284
3
12
26
987
159
1
6
121
2
1
27
72
3
5
4
579
325
1
922
1
1
1
986
7
50
479
282
95
4
202
26
734
14
3
1
676
234
1
1
20
794
725
1
2
311
32
47
504
105
134
6
7
10
16
421
666
32
3
1
11
73
3
694
24
14
7
252
2
5
1
69
433
672
297
2
344
21
3
2
10
15
1
505
36
1
1
1
6
36
2
15
11
60
6
70
3
236
45
170
289
10
2
113
18
974
42
567
64
4
1
8
297
3
312
92
205
1
13
1
1
5
1
113
8
10
216
14
222
6
1
2
15
871
7
20
596
23
3
18
20
445
21
3
29
9
1
644
203
142
39
14
1
13
5
950
1
103
27
18
22
2
1
17
16
1
57
731
1
8
1
637
683
254
9
21
2
15
6
48
639
48
88
524
32
1
96
23
86
20
1
1
425
58
1
3
1
26
10
1
126
29
9
10
39
15
546
717
80
166
33
1
1
935
40
3
2
16
2
76
9
1
846
24
324
12
123
115
449
152
16
11
1
36
202
35
169
3
113
10
853
153
1
19
749
1
1
4
991
1
1
2
326
4
2
1
18
30
1
707
24
2
12
2
103
4
107
124
40
4
2
2
77
216
6
1
1
1
123
18
25
1
3
6
2
54
564
2
2
368
7
17
274
588
104
41
508
1
1
821
10
18
1
147
2
1
2
725
747
331
2
752
1
2
1
1
307
22
10
6
14
1
4
519
27
158
135
318
33
7
13
2
46
196
687
1
35
727
2
81
162
1
198
21
1
4
124
7
54
19
316
99
1
786
275
8
5
1
309
1
21
2
80
26
3
894
92
2
1
277
97
580
15
6
3
94
508
22
11
188
1
246
7
169
185
8
191
2
4
210
22
20
63
4
1
26
31
73
739
1
1
75
1
13
37
62
29
86
1
65
5
1
24
258
1
80
18
77
68
1
14
566
116
34
1
12
187
6
2
110
343
6
1
251
440
1
67
98
95
22
325
46
3
3
83
1
322
728
889
2
4
11
3
237
50
1
19
388
11
6
271
14
434
45
3
1
463
3
14
7
2
648
965
48
3
7
1
176
2
1
845
1
3
1
733
148
631
25
2
21
50
596
14
21
5
8
20
104
3
218
91
492
113
2
281
1
9
237
604
668
264
45
1
8
1
9
487
2
106
60
526
376
491
32
1
1
57
772
5
56
241
4
16
1
1
148
454
1
1
83
859
720
2
641
353
95
1
160
649
1
7
40
1
1
154
1
142
4
84
5
2
5
297
188
62
84
29
16
178
17
1
15
1
541
5
211
11
2
1
2
1
5
8
4
1
22
14
1
1
124
9
1
166
24
44
4
233
13
1
84
3
11
20
92
19
1
33
314
6
183
605
139
2
468
830
60
90
18
1
17
1
237
478
750
3
39
465
21
7
1
32
871
32
1
402
16
3
49
9
1
6
1
160
499
44
267
9
15
555
18
19
19
252
41
207
818
1
34
69
22
32
30
5
3
14
111
11
1
2
291
6
15
35
132
61
112
196
162
1
474
27
60
9
12
8
2
36
45
454
2
4
181
4
9
360
7
396
25
96
1
30
1
16
1
75
864
777
158
1
14
1
17
66
26
283
56
1
64
1
759
71
5
9
1
975
5
13
60
18
228
926
2
995
239
2
941
6
516
506
196
3
437
2
784
163
1
1
2
471
9
1
375
49
5
2
597
1
216
105
80
653
4
4
5
4
49
780
826
98
40
3
2
402
322
24
5
1
1
102
1
9
29
81
3
434
1
2
1
57
8
1
238
81
51
1
6
1
654
1
258
255
69
187
441
15
48
6
10
15
3
328
299
145
12
6
25
18
69
64
637
229
839
515
125
125
14
3
612
1
1
19
121
1
68
48
11
1
1
911
18
39
873
19
1
10
2
302
25
4
764
1
55
119
125
34
17
4
72
2
159
186
158
108
150
26
1
142
1
71
1
1
3
15
147
5
8
203
298
62
168
1
1
9
37
343
89
1
1
10
132
495
456
699
29
56
3
755
2
1
14
1
543
35
1
274
62
25
2
4
9
1
31
74
5
1
115
87
79
134
11
251
16
8
25
530
1
117
389
364
39
31
412
42
134
736
16
29
54
12
4
429
4
111
1
138
2
1
1
1
28
19
382
797
59
4
13
1
230
17
1
84
20
2
806
1
10
29
157
18
3
20
27
1
1
7
2
12
12
577
41
14
37
13
3
2
704
159
11
168
616
5
1
11
2
21
2
1
80
718
20
188
19
2
848
63
285
1
217
1
6
83
3
17
77
39
2
14
27
6
1
4
283
167
22
60
13
10
3
5
22
205
1
1
11
1
198
4
1
14
126
5
1
5
1
207
102
1
99
372
1
9
1
3
33
13
259
12
12
46
16
2
25
2
2
716
286
5
1
2
3
178
3
71
12
48
94
2
6
24
18
644
103
153
6
5
16
35
33
24
79
372
22
1
100
6
27
2
55
2
52
506
137
154
2
760
45
928
687
3
50
15
69
28
2
2
815
19
52
213
6
617
28
973
1
2
16
414
2
3
350
5
237
32
35
11
241
2
815
1
8
9
473
1
12
56
2
527
6
23
10
18
136
2
95
9
6
38
3
505
1
15
15
3
3
1
255
1
5
84
16
8
35
69
43
5
23
811
1
4
7
51
5
2
28
43
41
10
1
249
103
2
335
8
232
22
503
1
81
74
37
4
9
1
18
659
30
182
340
5
5
143
602
32
6
2
491
41
2
30
217
195
144
26
4
192
18
198
6
1
60
1
758
1
6
862
585
2
12
108
6
12
22
795
36
2
151
402
1
219
2
735
39
33
3
4
254
639
54
45
3
2
10
42
17
2
144
494
156
7
101
7
11
1
125
896
3
384
1
1
154
785
116
173
15
137
3
2
41
9
28
3
41
272
1
116
3
53
726
1
26
518
1
16
12
52
24
347
1
897
42
28
151
3
140
468
1
1
341
36
392
4
106
12
97
94
10
6
17
8
9
18
1
60
24
69
17
7
19
15
18
161
801
9
692
245
13
146
39
1
3
35
891
15
9
296
382
33
21
1
30
3
70
873
1
1
68
300
1
1
133
1
42
79
4
171
428
3
6
2
16
709
1
3
148
979
3
2
195
7
1
145
29
2
1
137
140
2
63
10
543
261
165
294
76
485
180
10
390
41
391
2
22
44
1
3
25
25
7
66
63
214
131
964
7
4
1
947
651
23
21
122
1
63
314
151
3
234
2
5
107
5
4
55
12
187
193
690
693
152
2
489
3
92
162
21
90
809
137
354
130
2
9
13
3
212
1
2
12
2
34
15
1
25
2
248
2
25
3
3
43
442
8
3
4
3
3
536
5
38
72
521
1
6
1
1
3
252
14
1
5
146
2
12
32
457
729
7
2
839
1
1
614
189
18
187
96
23
23
57
86
164
603
1
221
1
200
6
4
25
24
3
33
222
1
1
86
2
689
43
114
27
33
1
17
9
5
8
170
1
91
331
1
1
155
48
17
1
3
6
10
2
7
244
1
1
123
3
19
3
8
35
49
17
534
4
2
649
2
11
135
3
2
23
1
408
540
4
48
441
1
28
39
48
1
448
48
1
1
1
5
2
7
192
1
357
19
1
10
54
129
46
328
1
1
45
4
61
205
1
10
40
457
222
36
63
19
14
59
9
1
6
81
5
52
20
738
4
4
48
509
305
3
9
58
1
50
1
17
6
39
3
676
9
58
1
4
10
851
1
5
2
34
75
1
1
251
56
3
2
10
37
391
643
17
308
5
1
1
614
172
196
80
9
1
17
563
148
9
50
13
43
198
2
57
1
472
681
43
282
138
164
681
53
8
273
47
52
1
110
127
1
2
7
24
18
23
1
14
29
169
10
140
105
2
2
3
189
426
1
1
11
4
1
17
294
359
1
16
1
14
333
133
5
2
26
1
192
28
1
26
7
43
3
7
1
29
49
100
34
1
6
29
42
472
319
6
14
46
20
1
787
2
48
85
711
43
969
130
1
6
24
8
5
1
3
931
252
4
1
95
143
4
136
1
223
25
62
1
306
74
655
13
13
22
225
62
3
3
266
101
7
65
18
545
1
320
82
91
8
7
5
57
918
3
343
1
166
3
235
1
14
1
12
1
98
21
1
484
32
59
1
18
7
168
15
19
3
243
425
12
1
455
1
149
108
1
5
1
284
380
4
43
142
618
811
153
172
6
1
888
6
48
45
4
1
13
20
3
56
6
21
2
2
103
1
1
738
1
5
16
103
12
338
296
1
15
11
1
485
4
3
34
1
156
512
36
79
1
6
75
122
96
721
149
1
1
443
12
30
390
1
118
1
1
197
3
1
9
1
5
290
68
682
469
21
13
2
287
956
82
912
51
20
79
41
6
7
120
29
339
539
37
1
37
73
32
407
93
1
5
55
226
199
848
14
4
395
22
1
1
7
139
1
932
15
2
3
1
2
625
14
253
2
153
73
1
1
2
379
1
38
4
26
376
3
452
428
722
23
3
2
4
1
1
599
4
167
2
63
5
91
12
818
72
359
4
14
762
767
204
2
136
97
11
150
488
429
513
317
3
4
12
805
302
85
61
2
151
8
2
20
6
3
12
51
2
2
1
45
8
404
42
20
324
1
41
2
16
363
52
157
31
38
59
5
8
28
257
3
3
1
3
34
14
2
233
21
31
305
1
25
10
5
17
10
128
21
63
4
5
12
5
554
15
634
12
263
4
710
400
159
1
3
1
9
1
2
4
98
532
105
961
82
813
69
1
6
571
446
61
54
1
456
1
3
5
1
7
13
2
1
29
28
15
93
1
63
1
61
34
86
12
3
35
4
32
576
35
3
58
147
562
1
47
1
47
4
223
1
12
323
1
4
53
1
3
146
2
1
538
454
156
313
6
6
9
89
18
140
58
1
1
79
281
955
31
587
175
2
386
124
11
875
17
651
5
435
616
19
139
156
12
26
98
105
4
431
602
50
26
50
1
1
83
365
6
15
84
933
71
462
17
7
160
4
29
3
18
1
2
183
2
458
504
1
355
4
131
264
2
78
462
541
11
2
481
66
6
1
9
1
5
26
781
5
2
101
206
89
2
1
30
6
3
11
3
6
42
601
17
191
59
16
1
1
2
353
338
32
1
15
273
4
9
68
342
1
1
11
339
1
10
46
81
2
21
205
2
17
8
948
11
1
381
8
2
11
3
269
13
1
20
4
263
632
103
67
23
23
8
1
2
1
64
112
1
109
702
121
5
362
16
5
1
257
37
1
134
7
6
2
3
3
12
13
2
46
1
31
6
11
8
1
901
73
2
218
64
1
790
39
65
35
11
66
253
646
20
615
13
49
365
553
121
17
31
5
54
3
4
117
287
347
54
48
451
9
73
122
6
4
17
347
803
447
1000
82
141
136
150
5
419
89
199
87
227
7
40
1
21
1
1
37
11
16
254
356
61
1
337
268
12
5
195
65
12
2
10
1
16
16
292
1
790
6
2
12
33
2
1
496
1
498
25
20
101
79
2
525
476
3
1
83
166
6
26
12
70
8
405
8
3
66
549
1
28
132
5
3
10
37
1
2
209
7
351
94
498
14
3
1
51
525
7
9
143
8
1
27
52
3
7
12
219
111
551
33
26
9
1
1
26
32
957
18
54
598
36
2
20
306
1
31
752
2
340
14
6
424
431
5
785
575
984
177
274
1
408
92
1
21
47
2
11
4
2
367
140
17
34
746
6
715
17
10
27
886
2
20
345
223
341
4
1
24
436
7
30
12
112
155
1
1
1
2
2
4
16
133
869
115
87
17
3
21
420
11
58
21
13
18
3
71
1
40
4
79
10
1
11
2
3
833
1
48
215
1
1
15
13
19
34
3
77
58
657
2
3
7
1
352
4
282
2
145
3
170
12
650
16
834
1
1
268
2
20
33
416
502
246
95
11
22
3
1
1
22
7
151
19
22
2
6
1
49
2
2
1
8
107
102
1
1
70
375
14
2
376
592
35
265
2
18
231
12
511
42
18
1
1
62
2
13
2
24
278
1
5
312
735
2
807
19
13
4
114
465
1
1
220
7
53
7
32
686
174
12
451
27
10
16
22
25
3
12
5
185
3
234
2
275
5
1
7
36
88
296
224
49
7
1
4
2
6
43
67
9
3
54
335
1
36
39
3
493
161
201
160
417
36
1
5
113
2
93
111
9
7
9
82
3
53
1
15
3
116
197
53
7
1
2
3
217
1
7
34
808
851
189
9
24
22
89
589
133
952
488
27
1
118
15
998
229
344
167
3
48
1
1
32
184
93
5
641
2
1
45
1
2
179
259
67
171
9
1
2
201
14
9
48
1
400
658
1
3
34
325
2
25
44
399
28
4
86
95
248
73
56
5
14
74
112
812
30
852
74
158
2
30
2
6
3
91
14
2
4
2
38
727
3
2
2
380
29
670
4
21
1
427
14
19
13
51
18
1
37
18
2
463
1
1
2
23
75
8
943
4
405
27
1
13
50
113
3
73
91
2
81
38
634
2
4
8
17
59
21
142
78
835
259
1
3
42
55
2
3
20
64
25
17
7
57
675
27
143
309
2
32
103
1
5
175
126
398
461
116
1
4
3
783
339
247
1
17
12
29
226
331
16
71
101
294
8
44
4
31
45
114
3
14
27
104
1
140
6
12
228
1
611
50
230
64
16
560
150
151
33
71
636
2
6
25
442
7
1
209
27
49
178
49
296
24
15
3
126
8
117
110
1
3
16
878
1
74
384
296
16
38
317
8
2
13
11
2
1
3
2
2
11
126
129
4
45
1
4
87
5
13
4
71
1
3
1
4
58
2
4
30
22
842
10
41
456
170
1
1
18
76
3
1
4
123
3
89
15
1
25
17
9
67
175
26
144
80
104
28
3
16
2
3
12
587
7
211
40
1
134
31
128
137
24
109
41
53
4
22
1
2
1
7
76
20
1
6
305
1
31
1
62
8
141
1
15
23
14
17
13
50
361
154
49
72
2
8
378
2
1
3
2
200
946
238
23
4
6
1
3
1
2
1
489
17
47
241
1
1
773
9
843
507
6
179
235
17
239
128
1
220
640
4
277
101
98
51
3
154
49
2
12
363
7
5
17
2
1
193
39
2
2
338
155
229
70
40
4
4
190
276
606
821
67
13
130
144
18
10
893
34
7
1
48
1
22
45
2
8
399
795
16
819
3
1
31
10
114
18
22
10
30
40
1
244
7
28
4
99
139
1
301
177
108
1
43
59
1
13
929
4
4
16
11
712
1
123
175
1
4
1
510
1
19
2
1
3
902
21
7
28
1
138
9
235
8
88
23
8
858
1
1
1
111
22
39
77
2
14
38
461
32
34
24
22
861
1
823
214
8
797
5
3
1
76
31
4
269
204
163
60
29
5
152
172
30
330
2
4
11
77
813
1
95
118
765
351
5
4
223
420
2
59
108
173
5
12
455
1
1
522
1
1
879
24
1
12
137
8
1
25
895
1
22
4
78
88
600
115
10
44
466
1
26
30
2
1
111
2
242
133
210
10
20
10
1
43
7
10
1
144
1
58
97
3
385
1
71
16
11
2
1
719
247
5
1
13
731
120
2
40
2
36
2
2
1
925
34
75
73
2
19
7
218
1
1
6
2
10
16
6
7
10
58
1
2
9
19
115
4
119
5
27
33
6
1
206
9
2
137
21
11
56
45
332
139
9
18
1
16
22
13
763
1
56
323
3
76
7
1
22
32
10
41
87
183
2
30
3
3
8
6
1
4
5
2
1
15
94
2
139
872
25
2
38
411
401
60
1
5
1
1
27
10
4
96
43
1
148
429
5
31
424
4
23
213
369
8
18
2
3
2
11
1
18
60
28
149
3
33
55
2
17
155
8
537
181
6
8
15
819
19
44
64
74
1
3
1
66
5
7
408
802
4
71
36
96
5
1
17
225
107
307
4
11
145
257
416
31
84
7
14
22
284
6
186
21
3
415
242
122
10
14
2
3
131
2
365
11
1
153
1
93
15
5
444
1
840
31
100
11
1
9
45
121
486
116
51
146
21
191
3
79
30
1
248
88
164
1
1
283
112
316
80
882
1
1
319
1
227
201
226
312
13
470
8
2
151
2
3
9
270
298
272
3
10
917
82
264
1
19
22
4
36
1
24
448
267
29
665
21
28
825
238
3
203
4
188
11
85
695
9
13
76
3
2
1
2
33
370
673
128
11
44
93
124
2
246
5
2
1
12
394
590
8
77
3
874
1
578
6
18
58
30
817
1
1
6
583
134
224
1
1
19
3
28
3
3
6
1
1
212
2
3
507
576
30
91
156
20
7
4
1
342
28
28
1
2
757
3
34
949
55
14
49
46
5
53
12
1
1
89
4
629
61
138
7
81
1
262
2
1
528
68
212
514
9
1
16
6
23
53
56
195
23
23
38
37
30
1
391
373
102
13
403
1
1
1
20
10
39
518
5
2
5
170
6
624
75
75
5
396
15
537
44
6
6
685
4
159
78
36
9
1
20
21
17
18
253
17
6
2
117
54
2
3
1
4
92
28
123
34
876
5
14
177
3
1
147
3
1
1
379
2
495
119
75
24
21
1
217
13
1
20
11
4
8
728
16
5
6
32
230
3
5
40
4
1
1
28
3
12
1
209
610
231
64
57
64
4
50
4
627
163
418
1
588
1
53
490
2
709
4
13
817
5
32
1
28
446
142
1
478
689
4
3
7
26
28
14
3
1
5
69
1
42
7
13
136
11
169
5
120
14
40
20
36
3
338
4
37
8
3
1
4
31
1
1
542
207
1
584
336
5
41
80
1
387
594
5
13
3
438
1
60
66
44
59
19
66
1
361
2
2
2
23
157
201
7
2
42
4
52
3
3
273
6
2
1
4
679
30
266
673
6
7
1
6
479
23
1
565
1
80
65
1
1
23
1
93
8
622
2
629
698
20
58
11
88
3
2
195
980
30
3
620
430
45
62
20
3
12
29
1
1
5
1
65
21
6
374
1
100
25
267
207
638
63
1
4
385
69
38
261
2
87
2
136
37
519
13
204
2
25
183
84
4
32
59
903
172
7
4
9
9
966
3
23
458
80
5
3
16
23
377
13
100
8
65
334
3
43
8
2
340
2
8
2
7
124
13
1
1
2
63
4
384
216
1
788
1
75
104
1
323
51
401
39
1
199
14
128
17
14
425
471
2
230
10
4
202
1
225
5
300
9
1
13
27
288
10
278
1
7
613
381
12
158
1
15
680
42
4
79
256
226
352
6
5
176
211
61
1
791
157
2
71
21
30
1
185
1
1
304
23
128
8
24
573
445
5
812
5
628
6
101
5
33
748
12
76
2
26
137
203
24
42
1
12
483
349
29
6
11
1
9
3
1
5
37
4
50
163
38
96
9
1
65
622
224
34
21
1
1
64
5
294
748
3
12
350
55
1
16
2
226
8
71
15
1
613
49
2
2
1
4
418
1
464
5
3
4
3
6
814
3
16
89
5
16
283
479
47
10
1
33
43
823
684
626
4
26
3
4
131
3
1
132
1
196
90
16
1
99
291
150
351
65
3
33
17
33
232
11
3
667
1
228
1
9
1
172
31
322
2
4
2
7
1
1
2
150
732
143
1
2
327
1
229
2
930
88
357
34
170
14
2
494
72
5
659
589
9
3
23
171
597
54
475
6
2
3
6
21
22
3
113
2
744
85
363
72
1
503
1
11
3
240
654
5
5
24
652
710
14
477
7
66
5
158
62
1
378
44
22
41
3
135
1
29
5
102
1
19
723
2
106
810
2
3
55
153
19
415
57
238
2
55
36
29
2
233
1
6
44
30
889
1
24
2
809
107
1
439
50
7
360
68
5
174
4
2
1
1
113
770
5
2
204
1
287
135
14
406
9
165
5
1
63
188
2
38
130
1
5
51
8
373
740
1
195
10
1
84
62
9
70
131
1
677
291
5
1
42
155
824
625
36
25
38
48
962
94
970
33
14
4
43
520
199
3
767
72
247
1
533
59
63
5
281
4
19
4
835
5
70
15
2
6
14
11
3
1
208
11
65
122
361
1
90
751
10
69
140
1
11
498
11
7
15
1
9
26
56
7
98
167
299
47
25
109
228
115
590
72
1
37
165
459
6
120
35
42
2
2
1
281
737
1
2
3
13
12
9
77
4
84
11
2
117
68
2
1
482
215
32
47
3
3
13
10
294
69
4
3
10
23
4
102
45
56
1
393
321
1
1
1
3
1
706
4
9
43
1
1
58
3
124
35
4
798
7
538
2
3
552
2
3
9
358
47
1
75
10
3
3
623
385
66
11
10
423
65
86
853
2
36
9
2
179
70
674
1
4
1
40
5
3
4
112
97
22
227
24
1
6
1
363
4
29
1
678
480
125
2
5
691
14
103
2
94
13
6
39
1
158
6
2
6
374
3
110
39
7
6
61
8
854
6
407
1
135
353
39
478
1
7
1
303
111
90
13
1
37
81
93
7
38
2
84
9
24
76
22
1
7
4
364
6
121
34
9
699
67
557
123
52
3
54
1
132
96
5
514
11
190
1
96
1
151
8
256
1
106
165
200
29
816
318
2
54
722
25
107
1
105
267
60
1
271
2
4
16
7
38
1
6
567
1
1
42
8
808
855
286
187
101
5
114
357
524
884
337
2
138
92
2
2
483
881
113
24
3
2
51
132
1
119
1
86
8
15
120
822
2
345
56
581
463
610
5
342
1
1
452
201
218
7
25
1
155
25
4
1
1
490
12
314
262
497
1
53
272
545
100
3
291
2
19
87
18
83
1
2
1
184
114
56
102
8
33
5
1
5
21
300
247
61
280
36
157
525
30
15
1
714
7
1
148
20
3
176
189
53
77
14
5
304
185
1
4
671
1
3
285
398
10
17
10
565
52
16
9
5
49
2
62
8
71
595
34
87
283
919
322
598
43
119
1
1
1
133
1
10
4
9
176
796
99
7
2
360
8
1
70
100
2
410
367
9
107
279
607
31
59
161
1
847
288
1
5
730
10
11
21
1
269
35
9
146
91
885
6
22
47
127
110
8
2
1
55
117
60
244
4
122
17
990
8
4
1
5
3
299
43
21
852
55
1
41
11
3
58
76
42
221
473
28
116
8
2
1
4
2
26
2
21
9
2
165
10
3
5
805
4
635
282
143
564
1
100
494
4
248
52
4
9
1
7
3
32
134
27
1
1
2
41
863
798
240
802
347
455
5
138
1
396
3
5
16
2
544
829
130
136
4
132
7
71
469
5
177
4
49
127
10
24
1
6
308
52
15
1
299
20
302
1
178
4
862
127
664
14
47
8
209
2
91
3
118
2
295
17
11
108
569
1
119
1
43
532
6
37
500
1
359
8
6
1
1
270
6
921
7
9
71
1
60
1
20
126
31
204
6
47
2
37
99
144
2
41
636
2
326
5
1
6
591
15
3
3
618
2
8
342
25
3
40
108
37
2
9
77
527
12
17
585
234
937
2
18
14
11
3
15
109
1
1
80
10
854
526
9
241
3
63
214
5
22
1
7
1
83
4
30
832
14
884
24
4
1
24
1
593
154
33
582
2
529
2
12
59
85
47
165
214
2
27
52
769
1
6
435
1
2
1
1
37
1
3
4
1
57
217
19
245
37
2
1
93
849
1
26
315
54
102
48
3
1
61
75
1
1
708
3
231
532
2
8
16
32
404
14
189
388
1
208
5
2
2
2
1
256
6
374
86
193
32
8
3
15
4
743
1
586
42
11
330
2
160
275
211
9
2
326
700
61
4
1
13
4
35
260
996
55
1
192
271
1
1
11
22
7
8
31
37
91
258
7
1
686
148
656
128
7
42
5
470
27
57
14
10
10
1
122
705
29
1
77
3
2
160
887
112
262
615
163
1
301
1
8
1
6
2
8
5
3
112
7
19
247
3
366
107
2
1
40
1
42
666
905
37
64
74
67
393
260
5
1
213
22
44
4
2
6
77
25
92
1
742
1
1
2
11
1
11
2
279
295
11
83
8
405
46
2
60
2
1
642
219
4
13
2
19
45
122
21
7
54
340
62
278
8
45
509
